sample_index,timestamp_s,monotonic_s,t_mono,cum_packets,cum_bytes,lag_s
0,0.000109,5868.496645480,5868.496645480,0,0,0.000000
1,0.010070,5868.506606090,5868.506606090,4,5600,0.000000
2,0.020067,5868.516602997,5868.516602997,9,12600,0.000000
3,0.030065,5868.526601346,5868.526601346,14,19600,0.000000
4,0.040067,5868.536602835,5868.536602835,19,26600,0.000000
5,0.050072,5868.546608020,5868.546608020,24,33600,0.000000
6,0.060036,5868.556571867,5868.556571867,29,40600,0.000000
7,0.070066,5868.566602039,5868.566602039,34,47600,0.000000
8,0.080067,5868.576602960,5868.576602960,39,54600,0.000000
9,0.092545,5868.589080818,5868.589080818,45,63000,0.000000
10,0.100068,5868.596604571,5868.596604571,49,68600,0.000000
11,0.110064,5868.606600556,5868.606600556,54,75600,0.000000
12,0.120059,5868.616595067,5868.616595067,59,82600,0.000000
13,0.130058,5868.626594414,5868.626594414,64,89600,0.000000
14,0.140076,5868.636612131,5868.636612131,69,96600,0.000000
15,0.150060,5868.646596019,5868.646596019,73,102200,0.000000
16,0.160066,5868.656602581,5868.656602581,78,109200,0.000000
17,0.170066,5868.666601734,5868.666601734,83,116200,0.000000
18,0.180060,5868.676596512,5868.676596512,88,123200,0.000000
19,0.190061,5868.686596999,5868.686596999,93,130200,0.000000
20,0.200060,5868.696596381,5868.696596381,98,137200,0.000000
21,0.210060,5868.706596102,5868.706596102,103,144200,0.000000
22,0.220059,5868.716595360,5868.716595360,108,151200,0.000000
23,0.230068,5868.726603747,5868.726603747,113,158200,0.000000
24,0.240059,5868.736595149,5868.736595149,118,165200,0.000000
25,0.250062,5868.746598527,5868.746598527,123,172200,0.000000
26,0.260065,5868.756600831,5868.756600831,128,179200,0.000000
27,0.270042,5868.766577812,5868.766577812,133,186200,0.000000
28,0.280085,5868.776621305,5868.776621305,138,193200,0.000000
29,0.290062,5868.786598299,5868.786598299,142,198800,0.000000
30,0.300064,5868.796599955,5868.796599955,147,205800,0.000000
31,0.310033,5868.806568972,5868.806568972,152,212800,0.000000
32,0.320060,5868.816596606,5868.816596606,157,219800,0.000000
33,0.330441,5868.826976920,5868.826976920,162,226800,0.000000
34,0.340059,5868.836595570,5868.836595570,167,233800,0.000000
35,0.350407,5868.846943432,5868.846943432,172,240800,0.000000
36,0.360089,5868.856625553,5868.856625553,177,247800,0.000000
37,0.370070,5868.866606561,5868.866606561,182,254800,0.000000
38,0.380060,5868.876595953,5868.876595953,187,261800,0.000000
39,0.390010,5868.886546408,5868.886546408,192,268800,0.000000
40,0.400058,5868.896594190,5868.896594190,197,275800,0.000000
41,0.411034,5868.907570220,5868.907570220,202,282800,0.000000
42,0.420076,5868.916611779,5868.916611779,207,289800,0.000000
43,0.430067,5868.926603483,5868.926603483,211,295400,0.000000
44,0.440061,5868.936597530,5868.936597530,216,302400,0.000000
45,0.450061,5868.946597105,5868.946597105,221,309400,0.000000
46,0.460060,5868.956595753,5868.956595753,226,316400,0.000000
47,0.470061,5868.966597033,5868.966597033,231,323400,0.000000
48,0.480033,5868.976568922,5868.976568922,236,330400,0.000000
49,0.490074,5868.986610441,5868.986610441,241,337400,0.000000
50,0.500065,5868.996601273,5868.996601273,246,344400,0.000000
51,0.510063,5869.006599063,5869.006599063,251,351400,0.000000
52,0.520063,5869.016599421,5869.016599421,256,358400,0.000000
53,0.530064,5869.026599792,5869.026599792,261,365400,0.000000
54,0.540066,5869.036602502,5869.036602502,266,372400,0.000000
55,0.550046,5869.046581964,5869.046581964,271,379400,0.000000
56,0.560084,5869.056620086,5869.056620086,276,386400,0.000000
57,0.570065,5869.066601584,5869.066601584,280,392000,0.000000
58,0.580063,5869.076599491,5869.076599491,285,399000,0.000000
59,0.590031,5869.086566864,5869.086566864,290,406000,0.000000
60,0.600071,5869.096607262,5869.096607262,295,413000,0.000000
61,0.610066,5869.106602177,5869.106602177,300,420000,0.000000
62,0.620066,5869.116601920,5869.116601920,305,427000,0.000000
63,0.630073,5869.126609617,5869.126609617,310,434000,0.000000
64,0.640065,5869.136601338,5869.136601338,315,441000,0.000000
65,0.650062,5869.146598512,5869.146598512,320,448000,0.000000
66,0.660062,5869.156598481,5869.156598481,325,455000,0.000000
67,0.670088,5869.166624449,5869.166624449,330,462000,0.000000
68,0.680073,5869.176609216,5869.176609216,335,469000,0.000000
69,0.690052,5869.186588397,5869.186588397,340,476000,0.000000
70,0.700074,5869.196609703,5869.196609703,345,483000,0.000000
71,0.710069,5869.206605596,5869.206605596,349,488600,0.000000
72,0.720071,5869.216607296,5869.216607296,354,495600,0.000000
73,0.730066,5869.226602075,5869.226602075,359,502600,0.000000
74,0.740075,5869.236611381,5869.236611381,364,509600,0.000000
75,0.750071,5869.246606968,5869.246606968,369,516600,0.000000
76,0.760068,5869.256604617,5869.256604617,374,523600,0.000000
77,0.770070,5869.266606064,5869.266606064,379,530600,0.000000
78,0.780068,5869.276604263,5869.276604263,384,537600,0.000000
79,0.790069,5869.286605468,5869.286605468,389,544600,0.000000
80,0.800082,5869.296617635,5869.296617635,394,551600,0.000000
81,0.810069,5869.306604646,5869.306604646,399,558600,0.000000
82,0.820069,5869.316604914,5869.316604914,404,565600,0.000000
83,0.830046,5869.326581742,5869.326581742,409,572600,0.000000
84,0.840087,5869.336622783,5869.336622783,414,579600,0.000000
85,0.850029,5869.346565101,5869.346565101,418,585200,0.000000
86,0.860071,5869.356607610,5869.356607610,423,592200,0.000000
87,0.870066,5869.366601967,5869.366601967,428,599200,0.000000
88,0.880064,5869.376600191,5869.376600191,433,606200,0.000000
89,0.890068,5869.386603695,5869.386603695,438,613200,0.000000
90,0.900066,5869.396602465,5869.396602465,443,620200,0.000000
91,0.910067,5869.406603450,5869.406603450,448,627200,0.000000
92,0.920065,5869.416600878,5869.416600878,453,634200,0.000000
93,0.930081,5869.426617585,5869.426617585,458,641200,0.000000
94,0.940064,5869.436600495,5869.436600495,463,648200,0.000000
95,0.950067,5869.446602785,5869.446602785,468,655200,0.000000
96,0.960063,5869.456598853,5869.456598853,473,662200,0.000000
97,0.970065,5869.466600869,5869.466600869,478,669200,0.000000
98,0.980082,5869.476617820,5869.476617820,483,676200,0.000000
99,0.990069,5869.486605251,5869.486605251,487,681800,0.000000
100,1.000071,5869.496607239,5869.496607239,492,688800,0.000000
101,1.010066,5869.506602212,5869.506602212,497,695800,0.000000
102,1.020071,5869.516606815,5869.516606815,502,702800,0.000000
103,1.030070,5869.526605962,5869.526605962,507,709800,0.000000
104,1.040068,5869.536603702,5869.536603702,512,716800,0.000000
105,1.050065,5869.546601042,5869.546601042,517,723800,0.000000
106,1.060067,5869.556602811,5869.556602811,522,730800,0.000000
107,1.070069,5869.566605327,5869.566605327,527,737800,0.000000
108,1.080064,5869.576600441,5869.576600441,532,744800,0.000000
109,1.090065,5869.586600783,5869.586600783,537,751800,0.000000
110,1.100062,5869.596598124,5869.596598124,542,758800,0.000000
111,1.110074,5869.606609732,5869.606609732,547,765800,0.000000
112,1.120088,5869.616624337,5869.616624337,552,772800,0.000000
113,1.130063,5869.626599051,5869.626599051,556,778400,0.000000
114,1.140072,5869.636608609,5869.636608609,561,785400,0.000000
115,1.150069,5869.646605352,5869.646605352,566,792400,0.000000
116,1.160066,5869.656602477,5869.656602477,571,799400,0.000000
117,1.170070,5869.666605681,5869.666605681,576,806400,0.000000
118,1.180068,5869.676603919,5869.676603919,581,813400,0.000000
119,1.190064,5869.686600058,5869.686600058,586,820400,0.000000
120,1.200057,5869.696592723,5869.696592723,591,827400,0.000000
121,1.210037,5869.706572795,5869.706572795,596,834400,0.000000
122,1.220059,5869.716595074,5869.716595074,601,841400,0.000000
123,1.230067,5869.726602803,5869.726602803,606,848400,0.000000
124,1.240059,5869.736594694,5869.736594694,611,855400,0.000000
125,1.250070,5869.746605991,5869.746605991,616,862400,0.000000
126,1.260072,5869.756607873,5869.756607873,621,869400,0.000000
127,1.270079,5869.766615191,5869.766615191,625,875000,0.000000
128,1.280073,5869.776609373,5869.776609373,630,882000,0.000000
129,1.290065,5869.786601589,5869.786601589,635,889000,0.000000
130,1.300068,5869.796603634,5869.796603634,640,896000,0.000000
131,1.310067,5869.806602798,5869.806602798,645,903000,0.000000
132,1.320067,5869.816602841,5869.816602841,650,910000,0.000000
133,1.330091,5869.826627347,5869.826627347,655,917000,0.000000
134,1.340068,5869.836604112,5869.836604112,660,924000,0.000000
135,1.350064,5869.846599848,5869.846599848,665,931000,0.000000
136,1.360067,5869.856602784,5869.856602784,670,938000,0.000000
137,1.370030,5869.866566511,5869.866566511,675,945000,0.000000
138,1.380069,5869.876604992,5869.876604992,680,952000,0.000000
139,1.390045,5869.886580812,5869.886580812,685,959000,0.000000
140,1.400080,5869.896616318,5869.896616318,690,966000,0.000000
141,1.410067,5869.906603563,5869.906603563,694,971600,0.000000
142,1.420070,5869.916606591,5869.916606591,699,978600,0.000000
143,1.430069,5869.926604834,5869.926604834,704,985600,0.000000
144,1.440065,5869.936601497,5869.936601497,709,992600,0.000000
145,1.450072,5869.946607624,5869.946607624,714,999600,0.000000
146,1.460082,5869.956618088,5869.956618088,719,1006600,0.000000
147,1.470065,5869.966601028,5869.966601028,724,1013600,0.000000
148,1.480059,5869.976595307,5869.976595307,729,1020600,0.000000
149,1.490035,5869.986571514,5869.986571514,734,1027600,0.000000
150,1.500058,5869.996594437,5869.996594437,739,1034600,0.000000
151,1.510016,5870.006552237,5870.006552237,744,1041600,0.000000
152,1.520062,5870.016598350,5870.016598350,749,1048600,0.000000
153,1.530053,5870.026588823,5870.026588823,754,1055600,0.000000
154,1.540083,5870.036618777,5870.036618777,759,1062600,0.000000
155,1.550067,5870.046603067,5870.046603067,763,1068200,0.000000
156,1.560048,5870.056584332,5870.056584332,768,1075200,0.000000
157,1.570066,5870.066602222,5870.066602222,773,1082200,0.000000
158,1.580067,5870.076602982,5870.076602982,778,1089200,0.000000
159,1.590064,5870.086600274,5870.086600274,783,1096200,0.000000
160,1.600063,5870.096599198,5870.096599198,788,1103200,0.000000
161,1.610068,5870.106604036,5870.106604036,793,1110200,0.000000
162,1.620065,5870.116601227,5870.116601227,798,1117200,0.000000
163,1.630039,5870.126575287,5870.126575287,803,1124200,0.000000
164,1.640071,5870.136607157,5870.136607157,808,1131200,0.000000
165,1.650063,5870.146598673,5870.146598673,813,1138200,0.000000
166,1.660052,5870.156587881,5870.156587881,818,1145200,0.000000
167,1.670049,5870.166584911,5870.166584911,823,1152200,0.000000
168,1.680066,5870.176602225,5870.176602225,828,1159200,0.000000
169,1.690065,5870.186601053,5870.186601053,832,1164800,0.000000
170,1.700047,5870.196582744,5870.196582744,837,1171800,0.000000
171,1.710062,5870.206597972,5870.206597972,842,1178800,0.000000
172,1.720066,5870.216602079,5870.216602079,847,1185800,0.000000
173,1.730065,5870.226601127,5870.226601127,852,1192800,0.000000
174,1.740065,5870.236600621,5870.236600621,857,1199800,0.000000
175,1.750065,5870.246601119,5870.246601119,862,1206800,0.000000
176,1.760063,5870.256599167,5870.256599167,867,1213800,0.000000
177,1.770059,5870.266594733,5870.266594733,872,1220800,0.000000
178,1.780030,5870.276566028,5870.276566028,877,1227800,0.000000
179,1.790058,5870.286594550,5870.286594550,882,1234800,0.000000
180,1.800072,5870.296607731,5870.296607731,887,1241800,0.000000
181,1.810044,5870.306579801,5870.306579801,892,1248800,0.000000
182,1.820071,5870.316607565,5870.316607565,897,1255800,0.000000
183,1.830069,5870.326605430,5870.326605430,901,1261400,0.000000
184,1.840045,5870.336581521,5870.336581521,906,1268400,0.000000
185,1.850066,5870.346601773,5870.346601773,911,1275400,0.000000
186,1.860063,5870.356599244,5870.356599244,916,1282400,0.000000
187,1.870065,5870.366601024,5870.366601024,921,1289400,0.000000
188,1.880048,5870.376583630,5870.376583630,926,1296400,0.000000
189,1.890068,5870.386603983,5870.386603983,931,1303400,0.000000
190,1.900070,5870.396606134,5870.396606134,936,1310400,0.000000
191,1.910060,5870.406596564,5870.406596564,941,1317400,0.000000
192,1.920064,5870.416600212,5870.416600212,946,1324400,0.000000
193,1.930063,5870.426598755,5870.426598755,951,1331400,0.000000
194,1.940061,5870.436597558,5870.436597558,956,1338400,0.000000
195,1.950044,5870.446580162,5870.446580162,961,1345400,0.000000
196,1.960075,5870.456611559,5870.456611559,966,1352400,0.000000
197,1.970065,5870.466600715,5870.466600715,970,1358000,0.000000
198,1.980071,5870.476606853,5870.476606853,975,1365000,0.000000
199,1.990070,5870.486606473,5870.486606473,980,1372000,0.000000
200,2.000060,5870.496595755,5870.496595755,985,1379000,0.000000
201,2.010070,5870.506605783,5870.506605783,990,1386000,0.000000
202,2.020064,5870.516599983,5870.516599983,995,1393000,0.000000
203,2.030069,5870.526604864,5870.526604864,1000,1400000,0.000000
204,2.040066,5870.536602425,5870.536602425,1005,1407000,0.000000
205,2.050068,5870.546603715,5870.546603715,1010,1414000,0.000000
206,2.060022,5870.556558565,5870.556558565,1015,1421000,0.000000
207,2.070068,5870.566603965,5870.566603965,1020,1428000,0.000000
208,2.080062,5870.576598519,5870.576598519,1025,1435000,0.000000
209,2.090062,5870.586597680,5870.586597680,1030,1442000,0.000000
210,2.100079,5870.596615176,5870.596615176,1035,1449000,0.000000
211,2.110068,5870.606604500,5870.606604500,1039,1454600,0.000000
212,2.120075,5870.616610664,5870.616610664,1044,1461600,0.000000
213,2.130069,5870.626604869,5870.626604869,1049,1468600,0.000000
214,2.140068,5870.636603858,5870.636603858,1054,1475600,0.000000
215,2.150070,5870.646606134,5870.646606134,1059,1482600,0.000000
216,2.160073,5870.656608871,5870.656608871,1064,1489600,0.000000
217,2.170077,5870.666612877,5870.666612877,1069,1496600,0.000000
218,2.180071,5870.676606767,5870.676606767,1074,1503600,0.000000
219,2.190069,5870.686605285,5870.686605285,1079,1510600,0.000000
220,2.200074,5870.696610224,5870.696610224,1084,1517600,0.000000
221,2.210065,5870.706601505,5870.706601505,1089,1524600,0.000000
222,2.220062,5870.716597904,5870.716597904,1094,1531600,0.000000
223,2.230042,5870.726578224,5870.726578224,1099,1538600,0.000000
224,2.240026,5870.736562375,5870.736562375,1104,1545600,0.000000
225,2.250067,5870.746602994,5870.746602994,1108,1551200,0.000000
226,2.260065,5870.756600650,5870.756600650,1113,1558200,0.000000
227,2.270065,5870.766600916,5870.766600916,1118,1565200,0.000000
228,2.280067,5870.776603613,5870.776603613,1123,1572200,0.000000
229,2.290064,5870.786600614,5870.786600614,1128,1579200,0.000000
230,2.300027,5870.796563176,5870.796563176,1133,1586200,0.000000
231,2.310066,5870.806601849,5870.806601849,1138,1593200,0.000000
232,2.320062,5870.816597872,5870.816597872,1143,1600200,0.000000
233,2.330069,5870.826605333,5870.826605333,1148,1607200,0.000000
234,2.340074,5870.836610401,5870.836610401,1153,1614200,0.000000
235,2.350068,5870.846604603,5870.846604603,1158,1621200,0.000000
236,2.360089,5870.856624634,5870.856624634,1163,1628200,0.000000
237,2.370073,5870.866609025,5870.866609025,1168,1635200,0.000000
238,2.380089,5870.876625264,5870.876625264,1173,1642200,0.000000
239,2.390065,5870.886600698,5870.886600698,1177,1647800,0.000000
240,2.400063,5870.896599011,5870.896599011,1182,1654800,0.000000
241,2.410065,5870.906601300,5870.906601300,1187,1661800,0.000000
242,2.420065,5870.916600687,5870.916600687,1192,1668800,0.000000
243,2.430065,5870.926601159,5870.926601159,1197,1675800,0.000000
244,2.440088,5870.936624097,5870.936624097,1202,1682800,0.000000
245,2.450017,5870.946552668,5870.946552668,1207,1689800,0.000000
246,2.460064,5870.956600054,5870.956600054,1212,1696800,0.000000
247,2.470069,5870.966605536,5870.966605536,1217,1703800,0.000000
248,2.480069,5870.976605371,5870.976605371,1222,1710800,0.000000
249,2.490064,5870.986600088,5870.986600088,1227,1717800,0.000000
250,2.500030,5870.996565648,5870.996565648,1232,1724800,0.000000
251,2.510025,5871.006560966,5871.006560966,1237,1731800,0.000000
252,2.520088,5871.016624346,5871.016624346,1242,1738800,0.000000
253,2.530055,5871.026591018,5871.026591018,1246,1744400,0.000000
254,2.540074,5871.036610462,5871.036610462,1251,1751400,0.000000
255,2.550069,5871.046605107,5871.046605107,1256,1758400,0.000000
256,2.560074,5871.056609824,5871.056609824,1261,1765400,0.000000
257,2.570068,5871.066604092,5871.066604092,1266,1772400,0.000000
258,2.580066,5871.076602055,5871.076602055,1271,1779400,0.000000
259,2.590066,5871.086602308,5871.086602308,1276,1786400,0.000000
260,2.600066,5871.096601643,5871.096601643,1281,1793400,0.000000
261,2.610065,5871.106600967,5871.106600967,1286,1800400,0.000000
262,2.620063,5871.116599217,5871.116599217,1291,1807400,0.000000
263,2.630063,5871.126599553,5871.126599553,1296,1814400,0.000000
264,2.640060,5871.136596408,5871.136596408,1301,1821400,0.000000
265,2.650036,5871.146572049,5871.146572049,1306,1828400,0.000000
266,2.660074,5871.156610226,5871.156610226,1311,1835400,0.000000
267,2.670065,5871.166600621,5871.166600621,1315,1841000,0.000000
268,2.680068,5871.176604310,5871.176604310,1320,1848000,0.000000
269,2.690072,5871.186607971,5871.186607971,1325,1855000,0.000000
270,2.700066,5871.196601830,5871.196601830,1330,1862000,0.000000
271,2.710069,5871.206605232,5871.206605232,1335,1869000,0.000000
272,2.720066,5871.216602500,5871.216602500,1340,1876000,0.000000
273,2.730038,5871.226573822,5871.226573822,1345,1883000,0.000000
274,2.740064,5871.236600548,5871.236600548,1350,1890000,0.000000
275,2.750068,5871.246604297,5871.246604297,1355,1897000,0.000000
276,2.760064,5871.256600394,5871.256600394,1360,1904000,0.000000
277,2.770062,5871.266598121,5871.266598121,1365,1911000,0.000000
278,2.780075,5871.276611089,5871.276611089,1370,1918000,0.000000
279,2.790053,5871.286589479,5871.286589479,1375,1925000,0.000000
280,2.800077,5871.296613347,5871.296613347,1380,1932000,0.000000
281,2.810068,5871.306604510,5871.306604510,1384,1937600,0.000000
282,2.820081,5871.316616975,5871.316616975,1389,1944600,0.000000
283,2.830047,5871.326582642,5871.326582642,1394,1951600,0.000000
284,2.840068,5871.336604356,5871.336604356,1399,1958600,0.000000
285,2.850070,5871.346606067,5871.346606067,1404,1965600,0.000000
286,2.860017,5871.356553240,5871.356553240,1409,1972600,0.000000
287,2.870064,5871.366600125,5871.366600125,1414,1979600,0.000000
288,2.880064,5871.376600278,5871.376600278,1419,1986600,0.000000
289,2.890059,5871.386594647,5871.386594647,1424,1993600,0.000000
290,2.900063,5871.396599290,5871.396599290,1429,2000600,0.000000
291,2.910063,5871.406598839,5871.406598839,1434,2007600,0.000000
292,2.920062,5871.416598383,5871.416598383,1439,2014600,0.000000
293,2.930041,5871.426577332,5871.426577332,1444,2021600,0.000000
294,2.940074,5871.436610596,5871.436610596,1449,2028600,0.000000
295,2.950065,5871.446600805,5871.446600805,1453,2034200,0.000000
296,2.960070,5871.456606075,5871.456606075,1458,2041200,0.000000
297,2.970064,5871.466600618,5871.466600618,1463,2048200,0.000000
298,2.980064,5871.476599896,5871.476599896,1468,2055200,0.000000
299,2.990064,5871.486599697,5871.486599697,1473,2062200,0.000000
300,3.000061,5871.496596660,5871.496596660,1478,2069200,0.000000
301,3.010070,5871.506605656,5871.506605656,1483,2076200,0.000000
302,3.020076,5871.516612111,5871.516612111,1488,2083200,0.000000
303,3.030069,5871.526605223,5871.526605223,1493,2090200,0.000000
304,3.040062,5871.536598423,5871.536598423,1498,2097200,0.000000
305,3.050063,5871.546599301,5871.546599301,1503,2104200,0.000000
306,3.060063,5871.556598809,5871.556598809,1508,2111200,0.000000
307,3.070056,5871.566592457,5871.566592457,1513,2118200,0.000000
308,3.080081,5871.576616725,5871.576616725,1518,2125200,0.000000
309,3.090065,5871.586601552,5871.586601552,1522,2130800,0.000000
310,3.100072,5871.596607709,5871.596607709,1527,2137800,0.000000
311,3.110067,5871.606602653,5871.606602653,1532,2144800,0.000000
312,3.120070,5871.616605652,5871.616605652,1537,2151800,0.000000
313,3.130060,5871.626596179,5871.626596179,1542,2158800,0.000000
314,3.140016,5871.636552074,5871.636552074,1547,2165800,0.000000
315,3.150069,5871.646604651,5871.646604651,1552,2172800,0.000000
316,3.160076,5871.656611726,5871.656611726,1557,2179800,0.000000
317,3.170059,5871.666595533,5871.666595533,1562,2186800,0.000000
318,3.180065,5871.676600639,5871.676600639,1567,2193800,0.000000
319,3.190064,5871.686600420,5871.686600420,1572,2200800,0.000000
320,3.200063,5871.696598951,5871.696598951,1577,2207800,0.000000
321,3.210034,5871.706570082,5871.706570082,1582,2214800,0.000000
322,3.220084,5871.716619863,5871.716619863,1587,2221800,0.000000
323,3.230066,5871.726601917,5871.726601917,1591,2227400,0.000000
324,3.240070,5871.736606293,5871.736606293,1596,2234400,0.000000
325,3.250066,5871.746602078,5871.746602078,1601,2241400,0.000000
326,3.260071,5871.756607146,5871.756607146,1606,2248400,0.000000
327,3.270059,5871.766595103,5871.766595103,1611,2255400,0.000000
328,3.280072,5871.776608521,5871.776608521,1616,2262400,0.000000
329,3.290068,5871.786604372,5871.786604372,1621,2269400,0.000000
330,3.300066,5871.796602495,5871.796602495,1626,2276400,0.000000
331,3.310066,5871.806602407,5871.806602407,1631,2283400,0.000000
332,3.320065,5871.816600798,5871.816600798,1636,2290400,0.000000
333,3.330064,5871.826600327,5871.826600327,1641,2297400,0.000000
334,3.340064,5871.836600082,5871.836600082,1646,2304400,0.000000
335,3.350042,5871.846578034,5871.846578034,1651,2311400,0.000000
336,3.360077,5871.856613554,5871.856613554,1656,2318400,0.000000
337,3.370066,5871.866601688,5871.866601688,1660,2324000,0.000000
338,3.380071,5871.876606690,5871.876606690,1665,2331000,0.000000
339,3.390043,5871.886579143,5871.886579143,1670,2338000,0.000000
340,3.400066,5871.896602582,5871.896602582,1675,2345000,0.000000
341,3.410060,5871.906595817,5871.906595817,1680,2352000,0.000000
342,3.420017,5871.916552929,5871.916552929,1685,2359000,0.000000
343,3.430064,5871.926600229,5871.926600229,1690,2366000,0.000000
344,3.440077,5871.936612967,5871.936612967,1695,2373000,0.000000
345,3.450072,5871.946608551,5871.946608551,1700,2380000,0.000000
346,3.460069,5871.956604911,5871.956604911,1705,2387000,0.000000
347,3.470063,5871.966598619,5871.966598619,1710,2394000,0.000000
348,3.480058,5871.976594267,5871.976594267,1715,2401000,0.000000
349,3.490041,5871.986577129,5871.986577129,1720,2408000,0.000000
350,3.500078,5871.996613702,5871.996613702,1725,2415000,0.000000
351,3.510066,5872.006602538,5872.006602538,1729,2420600,0.000000
352,3.520065,5872.016601046,5872.016601046,1734,2427600,0.000000
353,3.530065,5872.026600774,5872.026600774,1739,2434600,0.000000
354,3.540071,5872.036607117,5872.036607117,1744,2441600,0.000000
355,3.550070,5872.046606113,5872.046606113,1749,2448600,0.000000
356,3.560065,5872.056601541,5872.056601541,1754,2455600,0.000000
357,3.570069,5872.066605020,5872.066605020,1759,2462600,0.000000
358,3.580067,5872.076603377,5872.076603377,1764,2469600,0.000000
359,3.590062,5872.086598226,5872.086598226,1769,2476600,0.000000
360,3.600066,5872.096602178,5872.096602178,1774,2483600,0.000000
361,3.610024,5872.106560208,5872.106560208,1779,2490600,0.000000
362,3.620069,5872.116605098,5872.116605098,1784,2497600,0.000000
363,3.630060,5872.126596329,5872.126596329,1789,2504600,0.000000
364,3.640077,5872.136613054,5872.136613054,1794,2511600,0.000000
365,3.650071,5872.146606843,5872.146606843,1798,2517200,0.000000
366,3.660071,5872.156606783,5872.156606783,1803,2524200,0.000000
367,3.670065,5872.166601582,5872.166601582,1808,2531200,0.000000
368,3.680071,5872.176607253,5872.176607253,1813,2538200,0.000000
369,3.690064,5872.186599673,5872.186599673,1818,2545200,0.000000
370,3.700065,5872.196601441,5872.196601441,1823,2552200,0.000000
371,3.710065,5872.206601431,5872.206601431,1828,2559200,0.000000
372,3.720068,5872.216604377,5872.216604377,1833,2566200,0.000000
373,3.730073,5872.226609293,5872.226609293,1838,2573200,0.000000
374,3.740067,5872.236603184,5872.236603184,1843,2580200,0.000000
375,3.750067,5872.246603238,5872.246603238,1848,2587200,0.000000
376,3.760065,5872.256601382,5872.256601382,1853,2594200,0.000000
377,3.770053,5872.266588753,5872.266588753,1858,2601200,0.000000
378,3.780073,5872.276609502,5872.276609502,1863,2608200,0.000000
379,3.790069,5872.286605160,5872.286605160,1867,2613800,0.000000
380,3.800073,5872.296609565,5872.296609565,1872,2620800,0.000000
381,3.810064,5872.306599771,5872.306599771,1877,2627800,0.000000
382,3.820070,5872.316605666,5872.316605666,1882,2634800,0.000000
383,3.830068,5872.326604224,5872.326604224,1887,2641800,0.000000
384,3.840074,5872.336610186,5872.336610186,1892,2648800,0.000000
385,3.850072,5872.346608354,5872.346608354,1897,2655800,0.000000
386,3.860069,5872.356604859,5872.356604859,1902,2662800,0.000000
387,3.870062,5872.366597637,5872.366597637,1907,2669800,0.000000
388,3.880063,5872.376599341,5872.376599341,1912,2676800,0.000000
389,3.890063,5872.386599029,5872.386599029,1917,2683800,0.000000
390,3.900067,5872.396602891,5872.396602891,1922,2690800,0.000000
391,3.910043,5872.406578803,5872.406578803,1927,2697800,0.000000
392,3.920096,5872.416631738,5872.416631738,1932,2704800,0.000000
393,3.930067,5872.426602699,5872.426602699,1936,2710400,0.000000
394,3.940069,5872.436604967,5872.436604967,1941,2717400,0.000000
395,3.950066,5872.446601700,5872.446601700,1946,2724400,0.000000
396,3.960066,5872.456602254,5872.456602254,1951,2731400,0.000000
397,3.970064,5872.466600246,5872.466600246,1956,2738400,0.000000
398,3.980064,5872.476599678,5872.476599678,1961,2745400,0.000000
399,3.990067,5872.486603151,5872.486603151,1966,2752400,0.000000
400,4.000066,5872.496601711,5872.496601711,1971,2759400,0.000000
401,4.010039,5872.506575366,5872.506575366,1976,2766400,0.000000
402,4.020063,5872.516598913,5872.516598913,1981,2773400,0.000000
403,4.030066,5872.526602062,5872.526602062,1986,2780400,0.000000
404,4.040068,5872.536603631,5872.536603631,1991,2787400,0.000000
405,4.050051,5872.546587079,5872.546587079,1996,2794400,0.000000
406,4.060077,5872.556613094,5872.556613094,2001,2801400,0.000000
407,4.070069,5872.566605455,5872.566605455,2005,2807000,0.000000
408,4.080070,5872.576606171,5872.576606171,2010,2814000,0.000000
409,4.090065,5872.586601460,5872.586601460,2015,2821000,0.000000
410,4.100069,5872.596605497,5872.596605497,2020,2828000,0.000000
411,4.110063,5872.606598775,5872.606598775,2025,2835000,0.000000
412,4.120078,5872.616614356,5872.616614356,2030,2842000,0.000000
413,4.130077,5872.626612838,5872.626612838,2035,2849000,0.000000
414,4.140079,5872.636615267,5872.636615267,2040,2856000,0.000000
415,4.150070,5872.646605894,5872.646605894,2045,2863000,0.000000
416,4.160063,5872.656598929,5872.656598929,2050,2870000,0.000000
417,4.170063,5872.666598948,5872.666598948,2055,2877000,0.000000
418,4.180068,5872.676603906,5872.676603906,2060,2884000,0.000000
419,4.190051,5872.686587152,5872.686587152,2065,2891000,0.000000
420,4.200078,5872.696613662,5872.696613662,2070,2898000,0.000000
421,4.210075,5872.706610914,5872.706610914,2074,2903600,0.000000
422,4.220025,5872.716561344,5872.716561344,2079,2910600,0.000000
423,4.230071,5872.726607277,5872.726607277,2084,2917600,0.000000
424,4.240016,5872.736552504,5872.736552504,2089,2924600,0.000000
425,4.250062,5872.746598376,5872.746598376,2094,2931600,0.000000
426,4.260063,5872.756599339,5872.756599339,2099,2938600,0.000000
427,4.270065,5872.766601024,5872.766601024,2104,2945600,0.000000
428,4.280067,5872.776602661,5872.776602661,2109,2952600,0.000000
429,4.290069,5872.786604813,5872.786604813,2114,2959600,0.000000
430,4.300063,5872.796598970,5872.796598970,2119,2966600,0.000000
431,4.310065,5872.806601323,5872.806601323,2124,2973600,0.000000
432,4.320064,5872.816599843,5872.816599843,2129,2980600,0.000000
433,4.330045,5872.826580826,5872.826580826,2134,2987600,0.000000
434,4.340073,5872.836609156,5872.836609156,2139,2994600,0.000000
435,4.350069,5872.846605388,5872.846605388,2143,3000200,0.000000
436,4.360073,5872.856609471,5872.856609471,2148,3007200,0.000000
437,4.370067,5872.866602676,5872.866602676,2153,3014200,0.000000
438,4.380065,5872.876601387,5872.876601387,2158,3021200,0.000000
439,4.390063,5872.886599569,5872.886599569,2163,3028200,0.000000
440,4.400068,5872.896603998,5872.896603998,2168,3035200,0.000000
441,4.410064,5872.906599778,5872.906599778,2173,3042200,0.000000
442,4.420063,5872.916599363,5872.916599363,2178,3049200,0.000000
443,4.430070,5872.926606442,5872.926606442,2183,3056200,0.000000
444,4.440062,5872.936598562,5872.936598562,2188,3063200,0.000000
445,4.450059,5872.946595132,5872.946595132,2193,3070200,0.000000
446,4.460068,5872.956604072,5872.956604072,2198,3077200,0.000000
447,4.470039,5872.966575165,5872.966575165,2203,3084200,0.000000
448,4.480024,5872.976560605,5872.976560605,2208,3091200,0.000000
449,4.490067,5872.986603228,5872.986603228,2212,3096800,0.000000
450,4.500016,5872.996552470,5872.996552470,2217,3103800,0.000000
451,4.510029,5873.006565109,5873.006565109,2222,3110800,0.000000
452,4.520073,5873.016608983,5873.016608983,2227,3117800,0.000000
453,4.530066,5873.026602028,5873.026602028,2232,3124800,0.000000
454,4.540069,5873.036605458,5873.036605458,2237,3131800,0.000000
455,4.550065,5873.046601061,5873.046601061,2242,3138800,0.000000
456,4.560066,5873.056602173,5873.056602173,2247,3145800,0.000000
457,4.570093,5873.066629194,5873.066629194,2252,3152800,0.000000
458,4.580064,5873.076600522,5873.076600522,2257,3159800,0.000000
459,4.590064,5873.086599892,5873.086599892,2262,3166800,0.000000
460,4.600063,5873.096599511,5873.096599511,2267,3173800,0.000000
461,4.610074,5873.106609924,5873.106609924,2272,3180800,0.000000
462,4.620088,5873.116624120,5873.116624120,2277,3187800,0.000000
463,4.630069,5873.126605276,5873.126605276,2281,3193400,0.000000
464,4.640074,5873.136610562,5873.136610562,2286,3200400,0.000000
465,4.650073,5873.146608992,5873.146608992,2291,3207400,0.000000
466,4.660074,5873.156610216,5873.156610216,2296,3214400,0.000000
467,4.670064,5873.166599903,5873.166599903,2301,3221400,0.000000
468,4.680075,5873.176611165,5873.176611165,2306,3228400,0.000000
469,4.690086,5873.186622059,5873.186622059,2311,3235400,0.000000
470,4.700067,5873.196603113,5873.196603113,2316,3242400,0.000000
471,4.710031,5873.206566701,5873.206566701,2321,3249400,0.000000
472,4.720069,5873.216604990,5873.216604990,2326,3256400,0.000000
473,4.730064,5873.226599786,5873.226599786,2331,3263400,0.000000
474,4.740063,5873.236599179,5873.236599179,2336,3270400,0.000000
475,4.750024,5873.246560403,5873.246560403,2341,3277400,0.000000
476,4.760046,5873.256581915,5873.256581915,2346,3284400,0.000000
477,4.770092,5873.266627880,5873.266627880,2350,3290000,0.000000
478,4.780073,5873.276609564,5873.276609564,2355,3297000,0.000000
479,4.790062,5873.286597983,5873.286597983,2360,3304000,0.000000
480,4.800069,5873.296605174,5873.296605174,2365,3311000,0.000000
481,4.810062,5873.306598333,5873.306598333,2370,3318000,0.000000
482,4.820069,5873.316605418,5873.316605418,2375,3325000,0.000000
483,4.830069,5873.326604740,5873.326604740,2380,3332000,0.000000
484,4.840066,5873.336601748,5873.336601748,2385,3339000,0.000000
485,4.850061,5873.346597563,5873.346597563,2390,3346000,0.000000
486,4.860058,5873.356594392,5873.356594392,2395,3353000,0.000000
487,4.870095,5873.366630823,5873.366630823,2400,3360000,0.000000
488,4.880059,5873.376594950,5873.376594950,2405,3367000,0.000000
489,4.890053,5873.386588640,5873.386588640,2410,3374000,0.000000
490,4.900094,5873.396629759,5873.396629759,2415,3381000,0.000000
491,4.910069,5873.406605404,5873.406605404,2419,3386600,0.000000
492,4.920089,5873.416625019,5873.416625019,2424,3393600,0.000000
493,4.930070,5873.426605781,5873.426605781,2429,3400600,0.000000
494,4.940068,5873.436604602,5873.436604602,2434,3407600,0.000000
495,4.950075,5873.446611439,5873.446611439,2439,3414600,0.000000
496,4.960069,5873.456604772,5873.456604772,2444,3421600,0.000000
497,4.970061,5873.466597067,5873.466597067,2449,3428600,0.000000
498,4.980065,5873.476600998,5873.476600998,2454,3435600,0.000000
499,4.990069,5873.486604662,5873.486604662,2459,3442600,0.000000
500,5.000060,5873.496595769,5873.496595769,2464,3449600,0.000000
501,5.010058,5873.506594008,5873.506594008,2469,3456600,0.000000
502,5.020073,5873.516608739,5873.516608739,2474,3463600,0.000000
503,5.030050,5873.526586610,5873.526586610,2479,3470600,0.000000
504,5.040073,5873.536608966,5873.536608966,2484,3477600,0.000000
505,5.050069,5873.546605269,5873.546605269,2488,3483200,0.000000
506,5.060071,5873.556607465,5873.556607465,2493,3490200,0.000000
507,5.070069,5873.566605368,5873.566605368,2498,3497200,0.000000
508,5.080066,5873.576602172,5873.576602172,2503,3504200,0.000000
509,5.090068,5873.586604096,5873.586604096,2508,3511200,0.000000
510,5.100065,5873.596601266,5873.596601266,2513,3518200,0.000000
511,5.110067,5873.606603566,5873.606603566,2518,3525200,0.000000
512,5.120067,5873.616603593,5873.616603593,2523,3532200,0.000000
513,5.130077,5873.626613113,5873.626613113,2528,3539200,0.000000
514,5.140064,5873.636599886,5873.636599886,2533,3546200,0.000000
515,5.150063,5873.646598861,5873.646598861,2538,3553200,0.000000
516,5.160063,5873.656598681,5873.656598681,2543,3560200,0.000000
517,5.170063,5873.666599577,5873.666599577,2548,3567200,0.000000
518,5.180082,5873.676618550,5873.676618550,2553,3574200,0.000000
519,5.190075,5873.686610874,5873.686610874,2557,3579800,0.000000
520,5.200069,5873.696604999,5873.696604999,2562,3586800,0.000000
521,5.210069,5873.706604682,5873.706604682,2567,3593800,0.000000
522,5.220070,5873.716606145,5873.716606145,2572,3600800,0.000000
523,5.230072,5873.726608601,5873.726608601,2577,3607800,0.000000
524,5.240061,5873.736596801,5873.736596801,2582,3614800,0.000000
525,5.250064,5873.746600455,5873.746600455,2587,3621800,0.000000
526,5.260139,5873.756674862,5873.756674862,2592,3628800,0.000000
527,5.270069,5873.766605555,5873.766605555,2597,3635800,0.000000
528,5.280071,5873.776607149,5873.776607149,2602,3642800,0.000000
529,5.290068,5873.786604517,5873.786604517,2607,3649800,0.000000
530,5.300067,5873.796603378,5873.796603378,2612,3656800,0.000000
531,5.310058,5873.806593992,5873.806593992,2617,3663800,0.000000
532,5.320107,5873.816643506,5873.816643506,2622,3670800,0.000000
533,5.330066,5873.826602068,5873.826602068,2626,3676400,0.000000
534,5.340072,5873.836608312,5873.836608312,2631,3683400,0.000000
535,5.350065,5873.846601497,5873.846601497,2636,3690400,0.000000
536,5.360067,5873.856603105,5873.856603105,2641,3697400,0.000000
537,5.370090,5873.866626222,5873.866626222,2646,3704400,0.000000
538,5.380047,5873.876583188,5873.876583188,2651,3711400,0.000000
539,5.390066,5873.886601819,5873.886601819,2656,3718400,0.000000
540,5.400072,5873.896608612,5873.896608612,2661,3725400,0.000000
541,5.410068,5873.906604273,5873.906604273,2666,3732400,0.000000
542,5.420062,5873.916598319,5873.916598319,2671,3739400,0.000000
543,5.430063,5873.926599106,5873.926599106,2676,3746400,0.000000
544,5.440064,5873.936600009,5873.936600009,2681,3753400,0.000000
545,5.450063,5873.946599106,5873.946599106,2686,3760400,0.000000
546,5.460082,5873.956617825,5873.956617825,2691,3767400,0.000000
547,5.470062,5873.966598002,5873.966598002,2695,3773000,0.000000
548,5.480084,5873.976620001,5873.976620001,2700,3780000,0.000000
549,5.490075,5873.986611439,5873.986611439,2705,3787000,0.000000
550,5.500075,5873.996610727,5873.996610727,2710,3794000,0.000000
551,5.510068,5874.006604100,5874.006604100,2715,3801000,0.000000
552,5.520068,5874.016604380,5874.016604380,2720,3808000,0.000000
553,5.530082,5874.026618340,5874.026618340,2725,3815000,0.000000
554,5.540070,5874.036605768,5874.036605768,2730,3822000,0.000000
555,5.550086,5874.046622320,5874.046622320,2735,3829000,0.000000
556,5.560065,5874.056601342,5874.056601342,2740,3836000,0.000000
557,5.570065,5874.066600772,5874.066600772,2745,3843000,0.000000
558,5.580079,5874.076614660,5874.076614660,2750,3850000,0.000000
559,5.590055,5874.086591266,5874.086591266,2755,3857000,0.000000
560,5.600093,5874.096629506,5874.096629506,2760,3864000,0.000000
561,5.610063,5874.106599581,5874.106599581,2764,3869600,0.000000
562,5.620068,5874.116604541,5874.116604541,2769,3876600,0.000000
563,5.630068,5874.126604247,5874.126604247,2774,3883600,0.000000
564,5.640084,5874.136620123,5874.136620123,2779,3890600,0.000000
565,5.650068,5874.146603702,5874.146603702,2784,3897600,0.000000
566,5.660069,5874.156604664,5874.156604664,2789,3904600,0.000000
567,5.670066,5874.166602009,5874.166602009,2794,3911600,0.000000
568,5.680077,5874.176612930,5874.176612930,2799,3918600,0.000000
569,5.690074,5874.186609659,5874.186609659,2804,3925600,0.000000
570,5.700064,5874.196600308,5874.196600308,2809,3932600,0.000000
571,5.710063,5874.206598938,5874.206598938,2814,3939600,0.000000
572,5.720060,5874.216596261,5874.216596261,2819,3946600,0.000000
573,5.730049,5874.226584884,5874.226584884,2824,3953600,0.000000
574,5.740076,5874.236611736,5874.236611736,2829,3960600,0.000000
575,5.750069,5874.246604980,5874.246604980,2833,3966200,0.000000
576,5.760072,5874.256607848,5874.256607848,2838,3973200,0.000000
577,5.770065,5874.266600715,5874.266600715,2843,3980200,0.000000
578,5.780059,5874.276594921,5874.276594921,2848,3987200,0.000000
579,5.790069,5874.286605501,5874.286605501,2853,3994200,0.000000
580,5.800062,5874.296597642,5874.296597642,2858,4001200,0.000000
581,5.810065,5874.306600937,5874.306600937,2863,4008200,0.000000
582,5.820067,5874.316603613,5874.316603613,2868,4015200,0.000000
583,5.830068,5874.326604395,5874.326604395,2873,4022200,0.000000
584,5.840072,5874.336608185,5874.336608185,2878,4029200,0.000000
585,5.850062,5874.346597689,5874.346597689,2883,4036200,0.000000
586,5.860063,5874.356599461,5874.356599461,2888,4043200,0.000000
587,5.870038,5874.366574504,5874.366574504,2893,4050200,0.000000
588,5.880100,5874.376636522,5874.376636522,2898,4057200,0.000000
589,5.890075,5874.386611033,5874.386611033,2902,4062800,0.000000
590,5.900072,5874.396607826,5874.396607826,2907,4069800,0.000000
591,5.910069,5874.406604838,5874.406604838,2912,4076800,0.000000
592,5.920090,5874.416626182,5874.416626182,2917,4083800,0.000000
593,5.930080,5874.426616464,5874.426616464,2922,4090800,0.000000
594,5.940070,5874.436606178,5874.436606178,2927,4097800,0.000000
595,5.950067,5874.446603385,5874.446603385,2932,4104800,0.000000
596,5.960065,5874.456601551,5874.456601551,2937,4111800,0.000000
597,5.970071,5874.466607140,5874.466607140,2942,4118800,0.000000
598,5.980078,5874.476613629,5874.476613629,2947,4125800,0.000000
599,5.990069,5874.486604770,5874.486604770,2952,4132800,0.000000
600,6.000063,5874.496598878,5874.496598878,2957,4139800,0.000000
601,6.010084,5874.506620293,5874.506620293,2962,4146800,0.000000
602,6.020088,5874.516624178,5874.516624178,2967,4153800,0.000000
603,6.030069,5874.526604849,5874.526604849,2971,4159400,0.000000
604,6.040071,5874.536607020,5874.536607020,2976,4166400,0.000000
605,6.050070,5874.546606342,5874.546606342,2981,4173400,0.000000
606,6.060073,5874.556609270,5874.556609270,2986,4180400,0.000000
607,6.070083,5874.566618752,5874.566618752,2991,4187400,0.000000
608,6.080070,5874.576606256,5874.576606256,2996,4194400,0.000000
609,6.090067,5874.586603086,5874.586603086,3001,4201400,0.000000
610,6.100064,5874.596600189,5874.596600189,3006,4208400,0.000000
611,6.110072,5874.606607787,5874.606607787,3011,4215400,0.000000
612,6.120066,5874.616601721,5874.616601721,3016,4222400,0.000000
613,6.130059,5874.626595036,5874.626595036,3021,4229400,0.000000
614,6.140066,5874.636602450,5874.636602450,3026,4236400,0.000000
615,6.150039,5874.646574876,5874.646574876,3031,4243400,0.000000
616,6.160077,5874.656612677,5874.656612677,3036,4250400,0.000000
617,6.170068,5874.666603879,5874.666603879,3040,4256000,0.000000
618,6.180066,5874.676602222,5874.676602222,3045,4263000,0.000000
619,6.190070,5874.686606465,5874.686606465,3050,4270000,0.000000
620,6.200070,5874.696606293,5874.696606293,3055,4277000,0.000000
621,6.210061,5874.706597125,5874.706597125,3060,4284000,0.000000
622,6.220059,5874.716595257,5874.716595257,3065,4291000,0.000000
623,6.230069,5874.726605319,5874.726605319,3070,4298000,0.000000
624,6.240065,5874.736601232,5874.736601232,3075,4305000,0.000000
625,6.250063,5874.746599283,5874.746599283,3080,4312000,0.000000
626,6.260027,5874.756562868,5874.756562868,3085,4319000,0.000000
627,6.270062,5874.766598394,5874.766598394,3090,4326000,0.000000
628,6.280069,5874.776605179,5874.776605179,3095,4333000,0.000000
629,6.290052,5874.786587724,5874.786587724,3100,4340000,0.000000
630,6.300071,5874.796606715,5874.796606715,3105,4347000,0.000000
631,6.310071,5874.806606621,5874.806606621,3109,4352600,0.000000
632,6.320070,5874.816605785,5874.816605785,3114,4359600,0.000000
633,6.330069,5874.826604806,5874.826604806,3119,4366600,0.000000
634,6.340073,5874.836609284,5874.836609284,3124,4373600,0.000000
635,6.350068,5874.846604203,5874.846604203,3129,4380600,0.000000
636,6.360069,5874.856604948,5874.856604948,3134,4387600,0.000000
637,6.370075,5874.866611420,5874.866611420,3139,4394600,0.000000
638,6.380064,5874.876599940,5874.876599940,3144,4401600,0.000000
639,6.390060,5874.886595844,5874.886595844,3149,4408600,0.000000
640,6.400063,5874.896599492,5874.896599492,3154,4415600,0.000000
641,6.410063,5874.906598982,5874.906598982,3159,4422600,0.000000
642,6.420067,5874.916603236,5874.916603236,3164,4429600,0.000000
643,6.430048,5874.926584311,5874.926584311,3169,4436600,0.000000
644,6.440086,5874.936622613,5874.936622613,3174,4443600,0.000000
645,6.450069,5874.946604944,5874.946604944,3178,4449200,0.000000
646,6.460084,5874.956620498,5874.956620498,3183,4456200,0.000000
647,6.470077,5874.966612933,5874.966612933,3188,4463200,0.000000
648,6.480060,5874.976595645,5874.976595645,3193,4470200,0.000000
649,6.490069,5874.986604981,5874.986604981,3198,4477200,0.000000
650,6.500068,5874.996603813,5874.996603813,3203,4484200,0.000000
651,6.510069,5875.006604886,5875.006604886,3208,4491200,0.000000
652,6.520071,5875.016606768,5875.016606768,3213,4498200,0.000000
653,6.530066,5875.026602327,5875.026602327,3218,4505200,0.000000
654,6.540096,5875.036632179,5875.036632179,3223,4512200,0.000000
655,6.550064,5875.046599959,5875.046599959,3228,4519200,0.000000
656,6.560062,5875.056598524,5875.056598524,3233,4526200,0.000000
657,6.570055,5875.066590706,5875.066590706,3238,4533200,0.000000
658,6.580081,5875.076617078,5875.076617078,3243,4540200,0.000000
659,6.590069,5875.086605215,5875.086605215,3247,4545800,0.000000
660,6.600072,5875.096607661,5875.096607661,3252,4552800,0.000000
661,6.610067,5875.106603384,5875.106603384,3257,4559800,0.000000
662,6.620068,5875.116604597,5875.116604597,3262,4566800,0.000000
663,6.630074,5875.126609622,5875.126609622,3267,4573800,0.000000
664,6.640069,5875.136604733,5875.136604733,3272,4580800,0.000000
665,6.650066,5875.146602451,5875.146602451,3277,4587800,0.000000
666,6.660067,5875.156603322,5875.156603322,3282,4594800,0.000000
667,6.670070,5875.166606122,5875.166606122,3287,4601800,0.000000
668,6.680070,5875.176606463,5875.176606463,3292,4608800,0.000000
669,6.690064,5875.186600450,5875.186600450,3297,4615800,0.000000
670,6.700066,5875.196601671,5875.196601671,3302,4622800,0.000000
671,6.710063,5875.206599523,5875.206599523,3307,4629800,0.000000
672,6.720075,5875.216611402,5875.216611402,3312,4636800,0.000000
673,6.730068,5875.226604305,5875.226604305,3316,4642400,0.000000
674,6.740092,5875.236628597,5875.236628597,3321,4649400,0.000000
675,6.750069,5875.246605204,5875.246605204,3326,4656400,0.000000
676,6.760066,5875.256602403,5875.256602403,3331,4663400,0.000000
677,6.770063,5875.266599314,5875.266599314,3336,4670400,0.000000
678,6.780066,5875.276602174,5875.276602174,3341,4677400,0.000000
679,6.790064,5875.286600410,5875.286600410,3346,4684400,0.000000
680,6.800060,5875.296596018,5875.296596018,3351,4691400,0.000000
681,6.810064,5875.306600618,5875.306600618,3356,4698400,0.000000
682,6.820076,5875.316612222,5875.316612222,3361,4705400,0.000000
683,6.830067,5875.326603493,5875.326603493,3366,4712400,0.000000
684,6.840067,5875.336602981,5875.336602981,3371,4719400,0.000000
685,6.850076,5875.346612492,5875.346612492,3376,4726400,0.000000
686,6.860082,5875.356617704,5875.356617704,3381,4733400,0.000000
687,6.870068,5875.366603948,5875.366603948,3385,4739000,0.000000
688,6.880061,5875.376596831,5875.376596831,3390,4746000,0.000000
689,6.890077,5875.386613253,5875.386613253,3395,4753000,0.000000
690,6.900073,5875.396609061,5875.396609061,3400,4760000,0.000000
691,6.910064,5875.406600458,5875.406600458,3405,4767000,0.000000
692,6.920065,5875.416600682,5875.416600682,3410,4774000,0.000000
693,6.930070,5875.426606585,5875.426606585,3415,4781000,0.000000
694,6.940068,5875.436604163,5875.436604163,3420,4788000,0.000000
695,6.950068,5875.446604140,5875.446604140,3425,4795000,0.000000
696,6.960063,5875.456598968,5875.456598968,3430,4802000,0.000000
697,6.970059,5875.466595509,5875.466595509,3435,4809000,0.000000
698,6.980062,5875.476597898,5875.476597898,3440,4816000,0.000000
699,6.990022,5875.486558371,5875.486558371,3445,4823000,0.000000
700,7.000078,5875.496613790,5875.496613790,3450,4830000,0.000000
701,7.010020,5875.506556244,5875.506556244,3454,4835600,0.000000
702,7.020061,5875.516597388,5875.516597388,3459,4842600,0.000000
703,7.030066,5875.526601689,5875.526601689,3464,4849600,0.000000
704,7.040080,5875.536616187,5875.536616187,3469,4856600,0.000000
705,7.050069,5875.546604991,5875.546604991,3474,4863600,0.000000
706,7.060067,5875.556603539,5875.556603539,3479,4870600,0.000000
707,7.070069,5875.566605340,5875.566605340,3484,4877600,0.000000
708,7.080067,5875.576603345,5875.576603345,3489,4884600,0.000000
709,7.090062,5875.586598505,5875.586598505,3494,4891600,0.000000
710,7.100067,5875.596602629,5875.596602629,3499,4898600,0.000000
711,7.110064,5875.606600143,5875.606600143,3504,4905600,0.000000
712,7.120063,5875.616599348,5875.616599348,3509,4912600,0.000000
713,7.130051,5875.626587315,5875.626587315,3514,4919600,0.000000
714,7.140077,5875.636613193,5875.636613193,3519,4926600,0.000000
715,7.150065,5875.646601509,5875.646601509,3523,4932200,0.000000
716,7.160073,5875.656609097,5875.656609097,3528,4939200,0.000000
717,7.170069,5875.666604987,5875.666604987,3533,4946200,0.000000
718,7.180065,5875.676600623,5875.676600623,3538,4953200,0.000000
719,7.190061,5875.686596974,5875.686596974,3543,4960200,0.000000
720,7.200066,5875.696601949,5875.696601949,3548,4967200,0.000000
721,7.210067,5875.706602882,5875.706602882,3553,4974200,0.000000
722,7.220065,5875.716600630,5875.716600630,3558,4981200,0.000000
723,7.230066,5875.726601719,5875.726601719,3563,4988200,0.000000
724,7.240067,5875.736602658,5875.736602658,3568,4995200,0.000000
725,7.250062,5875.746598296,5875.746598296,3573,5002200,0.000000
726,7.260027,5875.756563464,5875.756563464,3578,5009200,0.000000
727,7.270039,5875.766575339,5875.766575339,3583,5016200,0.000000
728,7.280066,5875.776602491,5875.776602491,3588,5023200,0.000000
729,7.290068,5875.786603945,5875.786603945,3592,5028800,0.000000
730,7.300079,5875.796614680,5875.796614680,3597,5035800,0.000000
731,7.310066,5875.806602021,5875.806602021,3602,5042800,0.000000
732,7.320067,5875.816602699,5875.816602699,3607,5049800,0.000000
733,7.330067,5875.826602687,5875.826602687,3612,5056800,0.000000
734,7.340069,5875.836605486,5875.836605486,3617,5063800,0.000000
735,7.350064,5875.846600242,5875.846600242,3622,5070800,0.000000
736,7.360081,5875.856617388,5875.856617388,3627,5077800,0.000000
737,7.370065,5875.866601188,5875.866601188,3632,5084800,0.000000
738,7.380068,5875.876604165,5875.876604165,3637,5091800,0.000000
739,7.390068,5875.886604367,5875.886604367,3642,5098800,0.000000
740,7.400062,5875.896598565,5875.896598565,3647,5105800,0.000000
741,7.410041,5875.906577448,5875.906577448,3652,5112800,0.000000
742,7.420074,5875.916609716,5875.916609716,3657,5119800,0.000000
743,7.430070,5875.926605945,5875.926605945,3661,5125400,0.000000
744,7.440069,5875.936605227,5875.936605227,3666,5132400,0.000000
745,7.450064,5875.946600104,5875.946600104,3671,5139400,0.000000
746,7.460065,5875.956601110,5875.956601110,3676,5146400,0.000000
747,7.470069,5875.966604709,5875.966604709,3681,5153400,0.000000
748,7.480067,5875.976602980,5875.976602980,3686,5160400,0.000000
749,7.490064,5875.986600498,5875.986600498,3691,5167400,0.000000
750,7.500072,5875.996607888,5875.996607888,3696,5174400,0.000000
751,7.510066,5876.006602217,5876.006602217,3701,5181400,0.000000
752,7.520062,5876.016598425,5876.016598425,3706,5188400,0.000000
753,7.530062,5876.026598167,5876.026598167,3711,5195400,0.000000
754,7.540068,5876.036603625,5876.036603625,3716,5202400,0.000000
755,7.550041,5876.046576724,5876.046576724,3721,5209400,0.000000
756,7.560075,5876.056611040,5876.056611040,3726,5216400,0.000000
757,7.570065,5876.066600736,5876.066600736,3730,5222000,0.000000
758,7.580090,5876.076625714,5876.076625714,3735,5229000,0.000000
759,7.590029,5876.086565341,5876.086565341,3740,5236000,0.000000
760,7.600077,5876.096613374,5876.096613374,3745,5243000,0.000000
761,7.610062,5876.106597922,5876.106597922,3750,5250000,0.000000
762,7.620064,5876.116599668,5876.116599668,3755,5257000,0.000000
763,7.630066,5876.126601629,5876.126601629,3760,5264000,0.000000
764,7.640060,5876.136596189,5876.136596189,3765,5271000,0.000000
765,7.650067,5876.146603577,5876.146603577,3770,5278000,0.000000
766,7.660048,5876.156583915,5876.156583915,3775,5285000,0.000000
767,7.670065,5876.166601307,5876.166601307,3780,5292000,0.000000
768,7.680098,5876.176634517,5876.176634517,3785,5299000,0.000000
769,7.690068,5876.186604571,5876.186604571,3790,5306000,0.000000
770,7.700097,5876.196633289,5876.196633289,3795,5313000,0.000000
771,7.710076,5876.206612002,5876.206612002,3799,5318600,0.000000
772,7.720076,5876.216611952,5876.216611952,3804,5325600,0.000000
773,7.730066,5876.226602198,5876.226602198,3809,5332600,0.000000
774,7.740071,5876.236606725,5876.236606725,3814,5339600,0.000000
775,7.750068,5876.246604166,5876.246604166,3819,5346600,0.000000
776,7.760067,5876.256602732,5876.256602732,3824,5353600,0.000000
777,7.770065,5876.266600661,5876.266600661,3829,5360600,0.000000
778,7.780066,5876.276602558,5876.276602558,3834,5367600,0.000000
779,7.790065,5876.286600925,5876.286600925,3839,5374600,0.000000
780,7.800046,5876.296582425,5876.296582425,3844,5381600,0.000000
781,7.810062,5876.306598612,5876.306598612,3849,5388600,0.000000
782,7.820068,5876.316604407,5876.316604407,3854,5395600,0.000000
783,7.830061,5876.326596971,5876.326596971,3859,5402600,0.000000
784,7.840075,5876.336610936,5876.336610936,3864,5409600,0.000000
785,7.850070,5876.346606417,5876.346606417,3868,5415200,0.000000
786,7.860068,5876.356604100,5876.356604100,3873,5422200,0.000000
787,7.870067,5876.366603368,5876.366603368,3878,5429200,0.000000
788,7.880066,5876.376601746,5876.376601746,3883,5436200,0.000000
789,7.890062,5876.386598068,5876.386598068,3888,5443200,0.000000
790,7.900067,5876.396602918,5876.396602918,3893,5450200,0.000000
791,7.910063,5876.406599385,5876.406599385,3898,5457200,0.000000
792,7.920046,5876.416582349,5876.416582349,3903,5464200,0.000000
793,7.930080,5876.426615831,5876.426615831,3908,5471200,0.000000
794,7.940064,5876.436599739,5876.436599739,3913,5478200,0.000000
795,7.950067,5876.446603471,5876.446603471,3918,5485200,0.000000
796,7.960064,5876.456600574,5876.456600574,3923,5492200,0.000000
797,7.970063,5876.466598876,5876.466598876,3928,5499200,0.000000
798,7.980111,5876.476647311,5876.476647311,3933,5506200,0.000000
799,7.990077,5876.486612863,5876.486612863,3937,5511800,0.000000
800,8.000067,5876.496602939,5876.496602939,3942,5518800,0.000000
801,8.010062,5876.506598324,5876.506598324,3947,5525800,0.000000
802,8.020070,5876.516606059,5876.516606059,3952,5532800,0.000000
803,8.030064,5876.526599623,5876.526599623,3957,5539800,0.000000
804,8.040065,5876.536600925,5876.536600925,3962,5546800,0.000000
805,8.050066,5876.546602284,5876.546602284,3967,5553800,0.000000
806,8.060066,5876.556602322,5876.556602322,3972,5560800,0.000000
807,8.070062,5876.566598593,5876.566598593,3977,5567800,0.000000
808,8.080063,5876.576599395,5876.576599395,3982,5574800,0.000000
809,8.090063,5876.586599098,5876.586599098,3987,5581800,0.000000
810,8.100065,5876.596600713,5876.596600713,3992,5588800,0.000000
811,8.110052,5876.606588571,5876.606588571,3997,5595800,0.000000
812,8.120033,5876.616568874,5876.616568874,4002,5602800,0.000000
813,8.130067,5876.626602985,5876.626602985,4006,5608400,0.000000
814,8.140067,5876.636603234,5876.636603234,4011,5615400,0.000000
815,8.150067,5876.646603319,5876.646603319,4016,5622400,0.000000
816,8.160068,5876.656604091,5876.656604091,4021,5629400,0.000000
817,8.170067,5876.666603273,5876.666603273,4026,5636400,0.000000
818,8.180065,5876.676600977,5876.676600977,4031,5643400,0.000000
819,8.190065,5876.686600814,5876.686600814,4036,5650400,0.000000
820,8.200033,5876.696568881,5876.696568881,4041,5657400,0.000000
821,8.210064,5876.706600417,5876.706600417,4046,5664400,0.000000
822,8.220019,5876.716555052,5876.716555052,4051,5671400,0.000000
823,8.230064,5876.726599618,5876.726599618,4056,5678400,0.000000
824,8.240064,5876.736600407,5876.736600407,4061,5685400,0.000000
825,8.250058,5876.746594488,5876.746594488,4066,5692400,0.000000
826,8.260077,5876.756613427,5876.756613427,4071,5699400,0.000000
827,8.270067,5876.766602990,5876.766602990,4075,5705000,0.000000
828,8.280067,5876.776603480,5876.776603480,4080,5712000,0.000000
829,8.290067,5876.786603353,5876.786603353,4085,5719000,0.000000
830,8.300064,5876.796600505,5876.796600505,4090,5726000,0.000000
831,8.310065,5876.806601129,5876.806601129,4095,5733000,0.000000
832,8.320068,5876.816604380,5876.816604380,4100,5740000,0.000000
833,8.330068,5876.826603904,5876.826603904,4105,5747000,0.000000
834,8.340064,5876.836600028,5876.836600028,4110,5754000,0.000000
835,8.350067,5876.846603160,5876.846603160,4115,5761000,0.000000
836,8.360065,5876.856601270,5876.856601270,4120,5768000,0.000000
837,8.370064,5876.866600238,5876.866600238,4125,5775000,0.000000
838,8.380064,5876.876600025,5876.876600025,4130,5782000,0.000000
839,8.390042,5876.886577865,5876.886577865,4135,5789000,0.000000
840,8.400086,5876.896622126,5876.896622126,4140,5796000,0.000000
841,8.410068,5876.906603734,5876.906603734,4144,5801600,0.000000
842,8.420069,5876.916604739,5876.916604739,4149,5808600,0.000000
843,8.430060,5876.926596443,5876.926596443,4154,5815600,0.000000
844,8.440086,5876.936621852,5876.936621852,4159,5822600,0.000000
845,8.450071,5876.946607468,5876.946607468,4164,5829600,0.000000
846,8.460059,5876.956594673,5876.956594673,4169,5836600,0.000000
847,8.470070,5876.966605784,5876.966605784,4174,5843600,0.000000
848,8.480064,5876.976600342,5876.976600342,4179,5850600,0.000000
849,8.490069,5876.986605289,5876.986605289,4184,5857600,0.000000
850,8.500063,5876.996599591,5876.996599591,4189,5864600,0.000000
851,8.510067,5877.006602955,5877.006602955,4194,5871600,0.000000
852,8.520064,5877.016599675,5877.016599675,4199,5878600,0.000000
853,8.530033,5877.026569275,5877.026569275,4204,5885600,0.000000
854,8.540077,5877.036613252,5877.036613252,4209,5892600,0.000000
855,8.550065,5877.046601051,5877.046601051,4213,5898200,0.000000
856,8.560063,5877.056598910,5877.056598910,4218,5905200,0.000000
857,8.570066,5877.066602530,5877.066602530,4223,5912200,0.000000
858,8.580067,5877.076603290,5877.076603290,4228,5919200,0.000000
859,8.590067,5877.086602622,5877.086602622,4233,5926200,0.000000
860,8.600071,5877.096607036,5877.096607036,4238,5933200,0.000000
861,8.610066,5877.106601696,5877.106601696,4243,5940200,0.000000
862,8.620064,5877.116600067,5877.116600067,4248,5947200,0.000000
863,8.630066,5877.126601812,5877.126601812,4253,5954200,0.000000
864,8.640063,5877.136599377,5877.136599377,4258,5961200,0.000000
865,8.650065,5877.146601233,5877.146601233,4263,5968200,0.000000
866,8.660063,5877.156599466,5877.156599466,4268,5975200,0.000000
867,8.670025,5877.166561036,5877.166561036,4273,5982200,0.000000
868,8.680079,5877.176614780,5877.176614780,4278,5989200,0.000000
869,8.690022,5877.186557702,5877.186557702,4282,5994800,0.000000
870,8.700074,5877.196610000,5877.196610000,4287,6001800,0.000000
871,8.710070,5877.206605642,5877.206605642,4292,6008800,0.000000
872,8.720071,5877.216606634,5877.216606634,4297,6015800,0.000000
873,8.730041,5877.226577504,5877.226577504,4302,6022800,0.000000
874,8.740036,5877.236572231,5877.236572231,4307,6029800,0.000000
875,8.750100,5877.246635990,5877.246635990,4312,6036800,0.000000
876,8.760073,5877.256609542,5877.256609542,4317,6043800,0.000000
877,8.770065,5877.266600717,5877.266600717,4322,6050800,0.000000
878,8.780073,5877.276608850,5877.276608850,4327,6057800,0.000000
879,8.790064,5877.286600508,5877.286600508,4332,6064800,0.000000
880,8.800062,5877.296597887,5877.296597887,4337,6071800,0.000000
881,8.810059,5877.306595400,5877.306595400,4342,6078800,0.000000
882,8.820074,5877.316610406,5877.316610406,4347,6085800,0.000000
883,8.830060,5877.326595879,5877.326595879,4351,6091400,0.000000
884,8.840071,5877.336607055,5877.336607055,4356,6098400,0.000000
885,8.850061,5877.346596693,5877.346596693,4361,6105400,0.000000
886,8.860069,5877.356604825,5877.356604825,4366,6112400,0.000000
887,8.870054,5877.366589719,5877.366589719,4371,6119400,0.000000
888,8.880068,5877.376603951,5877.376603951,4376,6126400,0.000000
889,8.890068,5877.386604590,5877.386604590,4381,6133400,0.000000
890,8.900067,5877.396603150,5877.396603150,4386,6140400,0.000000
891,8.910065,5877.406601176,5877.406601176,4391,6147400,0.000000
892,8.920065,5877.416601252,5877.416601252,4396,6154400,0.000000
893,8.930064,5877.426600294,5877.426600294,4401,6161400,0.000000
894,8.940069,5877.436604721,5877.436604721,4406,6168400,0.000000
895,8.950045,5877.446581445,5877.446581445,4411,6175400,0.000000
896,8.960078,5877.456614395,5877.456614395,4416,6182400,0.000000
897,8.970070,5877.466605919,5877.466605919,4420,6188000,0.000000
898,8.980068,5877.476603842,5877.476603842,4425,6195000,0.000000
899,8.990065,5877.486600699,5877.486600699,4430,6202000,0.000000
900,9.000067,5877.496603110,5877.496603110,4435,6209000,0.000000
901,9.010072,5877.506608337,5877.506608337,4440,6216000,0.000000
902,9.020068,5877.516604025,5877.516604025,4445,6223000,0.000000
903,9.030065,5877.526601412,5877.526601412,4450,6230000,0.000000
904,9.040066,5877.536601710,5877.536601710,4455,6237000,0.000000
905,9.050069,5877.546605243,5877.546605243,4460,6244000,0.000000
906,9.060067,5877.556603617,5877.556603617,4465,6251000,0.000000
907,9.070065,5877.566600737,5877.566600737,4470,6258000,0.000000
908,9.080064,5877.576600170,5877.576600170,4475,6265000,0.000000
909,9.090055,5877.586591588,5877.586591588,4480,6272000,0.000000
910,9.100072,5877.596607801,5877.596607801,4485,6279000,0.000000
911,9.110070,5877.606605639,5877.606605639,4489,6284600,0.000000
912,9.120065,5877.616601557,5877.616601557,4494,6291600,0.000000
913,9.130062,5877.626597681,5877.626597681,4499,6298600,0.000000
914,9.140059,5877.636595533,5877.636595533,4504,6305600,0.000000
915,9.150064,5877.646600424,5877.646600424,4509,6312600,0.000000
916,9.160064,5877.656599678,5877.656599678,4514,6319600,0.000000
917,9.170071,5877.666606994,5877.666606994,4519,6326600,0.000000
918,9.180068,5877.676604580,5877.676604580,4524,6333600,0.000000
919,9.190068,5877.686604077,5877.686604077,4529,6340600,0.000000
920,9.200064,5877.696600132,5877.696600132,4534,6347600,0.000000
921,9.210069,5877.706604792,5877.706604792,4539,6354600,0.000000
922,9.220058,5877.716594157,5877.716594157,4544,6361600,0.000000
923,9.230017,5877.726553534,5877.726553534,4549,6368600,0.000000
924,9.240078,5877.736614004,5877.736614004,4554,6375600,0.000000
925,9.250079,5877.746615052,5877.746615052,4558,6381200,0.000000
926,9.260070,5877.756606020,5877.756606020,4563,6388200,0.000000
927,9.270070,5877.766606258,5877.766606258,4568,6395200,0.000000
928,9.280068,5877.776603996,5877.776603996,4573,6402200,0.000000
929,9.290070,5877.786606414,5877.786606414,4578,6409200,0.000000
930,9.300071,5877.796607237,5877.796607237,4583,6416200,0.000000
931,9.310068,5877.806603970,5877.806603970,4588,6423200,0.000000
932,9.320064,5877.816600499,5877.816600499,4593,6430200,0.000000
933,9.330069,5877.826604688,5877.826604688,4598,6437200,0.000000
934,9.340028,5877.836564086,5877.836564086,4603,6444200,0.000000
935,9.350069,5877.846605615,5877.846605615,4608,6451200,0.000000
936,9.360063,5877.856598996,5877.856598996,4613,6458200,0.000000
937,9.370039,5877.866575581,5877.866575581,4618,6465200,0.000000
938,9.380074,5877.876610051,5877.876610051,4623,6472200,0.000000
939,9.390069,5877.886605466,5877.886605466,4627,6477800,0.000000
940,9.400070,5877.896606603,5877.896606603,4632,6484800,0.000000
941,9.410061,5877.906597328,5877.906597328,4637,6491800,0.000000
942,9.420070,5877.916606135,5877.916606135,4642,6498800,0.000000
943,9.430066,5877.926602042,5877.926602042,4647,6505800,0.000000
944,9.440016,5877.936552066,5877.936552066,4652,6512800,0.000000
945,9.450066,5877.946602255,5877.946602255,4657,6519800,0.000000
946,9.460064,5877.956600353,5877.956600353,4662,6526800,0.000000
947,9.470066,5877.966602003,5877.966602003,4667,6533800,0.000000
948,9.480032,5877.976567684,5877.976567684,4672,6540800,0.000000
949,9.490063,5877.986599325,5877.986599325,4677,6547800,0.000000
950,9.500062,5877.996598613,5877.996598613,4682,6554800,0.000000
951,9.510061,5878.006597494,5878.006597494,4687,6561800,0.000000
952,9.520026,5878.016562340,5878.016562340,4692,6568800,0.000000
953,9.530089,5878.026625175,5878.026625175,4696,6574400,0.000000
954,9.540013,5878.036549382,5878.036549382,4701,6581400,0.000000
955,9.550051,5878.046586740,5878.046586740,4706,6588400,0.000000
956,9.560066,5878.056601764,5878.056601764,4711,6595400,0.000000
957,9.570061,5878.066597100,5878.066597100,4716,6602400,0.000000
958,9.580032,5878.076568173,5878.076568173,4721,6609400,0.000000
959,9.590064,5878.086599711,5878.086599711,4726,6616400,0.000000
960,9.600065,5878.096600893,5878.096600893,4731,6623400,0.000000
961,9.610008,5878.106543869,5878.106543869,4736,6630400,0.000000
962,9.620064,5878.116600293,5878.116600293,4741,6637400,0.000000
963,9.630065,5878.126601112,5878.126601112,4746,6644400,0.000000
964,9.640064,5878.136600326,5878.136600326,4751,6651400,0.000000
965,9.650050,5878.146586002,5878.146586002,4756,6658400,0.000000
966,9.660078,5878.156613746,5878.156613746,4761,6665400,0.000000
967,9.670068,5878.166604149,5878.166604149,4765,6671000,0.000000
968,9.680018,5878.176553663,5878.176553663,4770,6678000,0.000000
969,9.690067,5878.186602976,5878.186602976,4775,6685000,0.000000
970,9.700065,5878.196601172,5878.196601172,4780,6692000,0.000000
971,9.710060,5878.206595624,5878.206595624,4785,6699000,0.000000
972,9.720047,5878.216582699,5878.216582699,4790,6706000,0.000000
973,9.730073,5878.226608754,5878.226608754,4795,6713000,0.000000
974,9.740073,5878.236609446,5878.236609446,4800,6720000,0.000000
975,9.750067,5878.246603371,5878.246603371,4805,6727000,0.000000
976,9.760064,5878.256599723,5878.256599723,4810,6734000,0.000000
977,9.770063,5878.266599234,5878.266599234,4815,6741000,0.000000
978,9.780063,5878.276599527,5878.276599527,4820,6748000,0.000000
979,9.790028,5878.286564464,5878.286564464,4825,6755000,0.000000
980,9.800085,5878.296621110,5878.296621110,4830,6762000,0.000000
981,9.810020,5878.306555820,5878.306555820,4834,6767600,0.000000
982,9.820065,5878.316600762,5878.316600762,4839,6774600,0.000000
983,9.830066,5878.326602194,5878.326602194,4844,6781600,0.000000
984,9.840069,5878.336604800,5878.336604800,4849,6788600,0.000000
985,9.850012,5878.346548577,5878.346548577,4854,6795600,0.000000
986,9.860060,5878.356596147,5878.356596147,4859,6802600,0.000000
987,9.870065,5878.366601015,5878.366601015,4864,6809600,0.000000
988,9.880075,5878.376611265,5878.376611265,4869,6816600,0.000000
989,9.890023,5878.386559522,5878.386559522,4874,6823600,0.000000
990,9.900066,5878.396602222,5878.396602222,4879,6830600,0.000000
991,9.910064,5878.406600478,5878.406600478,4884,6837600,0.000000
992,9.920063,5878.416598899,5878.416598899,4889,6844600,0.000000
993,9.930054,5878.426589634,5878.426589634,4894,6851600,0.000000
994,9.940094,5878.436630332,5878.436630332,4899,6858600,0.000000
995,9.950073,5878.446609418,5878.446609418,4903,6864200,0.000000
996,9.960060,5878.456596076,5878.456596076,4908,6871200,0.000000
997,9.970071,5878.466606647,5878.466606647,4913,6878200,0.000000
998,9.980067,5878.476603486,5878.476603486,4918,6885200,0.000000
999,9.990065,5878.486601200,5878.486601200,4923,6892200,0.000000
1000,10.000067,5878.496603595,5878.496603595,4928,6899200,0.000000
1001,10.010064,5878.506600609,5878.506600609,4933,6906200,0.000000
1002,10.020066,5878.516601641,5878.516601641,4938,6913200,0.000000
1003,10.030024,5878.526560131,5878.526560131,4943,6920200,0.000000
1004,10.040024,5878.536560451,5878.536560451,4948,6927200,0.000000
1005,10.050066,5878.546601719,5878.546601719,4953,6934200,0.000000
1006,10.060071,5878.556607261,5878.556607261,4958,6941200,0.000000
1007,10.070051,5878.566586940,5878.566586940,4963,6948200,0.000000
1008,10.080088,5878.576623757,5878.576623757,4968,6955200,0.000000
1009,10.090086,5878.586622350,5878.586622350,4972,6960800,0.000000
1010,10.100072,5878.596608109,5878.596608109,4977,6967800,0.000000
1011,10.110064,5878.606600439,5878.606600439,4982,6974800,0.000000
1012,10.120066,5878.616602293,5878.616602293,4987,6981800,0.000000
1013,10.130080,5878.626616472,5878.626616472,4992,6988800,0.000000
1014,10.140074,5878.636610330,5878.636610330,4997,6995800,0.000000
1015,10.150071,5878.646607495,5878.646607495,5002,7002800,0.000000
1016,10.160096,5878.656632424,5878.656632424,5007,7009800,0.000000
1017,10.170059,5878.666595337,5878.666595337,5012,7016800,0.000000
1018,10.180062,5878.676598432,5878.676598432,5017,7023800,0.000000
1019,10.190063,5878.686598827,5878.686598827,5022,7030800,0.000000
1020,10.200058,5878.696593818,5878.696593818,5027,7037800,0.000000
1021,10.210045,5878.706581549,5878.706581549,5032,7044800,0.000000
1022,10.220074,5878.716610233,5878.716610233,5037,7051800,0.000000
1023,10.230064,5878.726600373,5878.726600373,5041,7057400,0.000000
1024,10.240028,5878.736564135,5878.736564135,5046,7064400,0.000000
1025,10.250060,5878.746595622,5878.746595622,5051,7071400,0.000000
1026,10.260070,5878.756606603,5878.756606603,5056,7078400,0.000000
1027,10.270072,5878.766608044,5878.766608044,5061,7085400,0.000000
1028,10.280057,5878.776593319,5878.776593319,5066,7092400,0.000000
1029,10.290065,5878.786600734,5878.786600734,5071,7099400,0.000000
1030,10.300064,5878.796600346,5878.796600346,5076,7106400,0.000000
1031,10.310014,5878.806550033,5878.806550033,5081,7113400,0.000000
1032,10.320063,5878.816598872,5878.816598872,5086,7120400,0.000000
1033,10.330013,5878.826549430,5878.826549430,5091,7127400,0.000000
1034,10.340062,5878.836598519,5878.836598519,5096,7134400,0.000000
1035,10.350034,5878.846570045,5878.846570045,5101,7141400,0.000000
1036,10.360091,5878.856627037,5878.856627037,5106,7148400,0.000000
1037,10.370024,5878.866560143,5878.866560143,5110,7154000,0.000000
1038,10.380068,5878.876603960,5878.876603960,5115,7161000,0.000000
1039,10.390071,5878.886607468,5878.886607468,5120,7168000,0.000000
1040,10.400074,5878.896610346,5878.896610346,5125,7175000,0.000000
1041,10.410067,5878.906603267,5878.906603267,5130,7182000,0.000000
1042,10.420059,5878.916594934,5878.916594934,5135,7189000,0.000000
1043,10.430064,5878.926600297,5878.926600297,5140,7196000,0.000000
1044,10.440065,5878.936601071,5878.936601071,5145,7203000,0.000000
1045,10.450059,5878.946594833,5878.946594833,5150,7210000,0.000000
1046,10.460062,5878.956598307,5878.956598307,5155,7217000,0.000000
1047,10.470062,5878.966598042,5878.966598042,5160,7224000,0.000000
1048,10.480062,5878.976598294,5878.976598294,5165,7231000,0.000000
1049,10.490045,5878.986581072,5878.986581072,5170,7238000,0.000000
1050,10.500083,5878.996619139,5878.996619139,5175,7245000,0.000000
1051,10.510065,5879.006600870,5879.006600870,5179,7250600,0.000000
1052,10.520026,5879.016561858,5879.016561858,5184,7257600,0.000000
1053,10.530064,5879.026600207,5879.026600207,5189,7264600,0.000000
1054,10.540069,5879.036604972,5879.036604972,5194,7271600,0.000000
1055,10.550076,5879.046612001,5879.046612001,5199,7278600,0.000000
1056,10.560064,5879.056600159,5879.056600159,5204,7285600,0.000000
1057,10.570070,5879.066606115,5879.066606115,5209,7292600,0.000000
1058,10.580064,5879.076600469,5879.076600469,5214,7299600,0.000000
1059,10.590010,5879.086546596,5879.086546596,5219,7306600,0.000000
1060,10.600065,5879.096601518,5879.096601518,5224,7313600,0.000000
1061,10.610058,5879.106594275,5879.106594275,5229,7320600,0.000000
1062,10.620064,5879.116599758,5879.116599758,5234,7327600,0.000000
1063,10.630055,5879.126590829,5879.126590829,5239,7334600,0.000000
1064,10.640080,5879.136615741,5879.136615741,5244,7341600,0.000000
1065,10.650081,5879.146616742,5879.146616742,5248,7347200,0.000000
1066,10.660068,5879.156603849,5879.156603849,5253,7354200,0.000000
1067,10.670088,5879.166624254,5879.166624254,5258,7361200,0.000000
1068,10.680067,5879.176603430,5879.176603430,5263,7368200,0.000000
1069,10.690059,5879.186594997,5879.186594997,5268,7375200,0.000000
1070,10.700065,5879.196600624,5879.196600624,5273,7382200,0.000000
1071,10.710064,5879.206600597,5879.206600597,5278,7389200,0.000000
1072,10.720066,5879.216602090,5879.216602090,5283,7396200,0.000000
1073,10.730024,5879.226560515,5879.226560515,5288,7403200,0.000000
1074,10.740074,5879.236609993,5879.236609993,5293,7410200,0.000000
1075,10.750065,5879.246600946,5879.246600946,5298,7417200,0.000000
1076,10.760071,5879.256606903,5879.256606903,5303,7424200,0.000000
1077,10.770045,5879.266581230,5879.266581230,5308,7431200,0.000000
1078,10.780074,5879.276609851,5879.276609851,5313,7438200,0.000000
1079,10.790063,5879.286599616,5879.286599616,5317,7443800,0.000000
1080,10.800075,5879.296611472,5879.296611472,5322,7450800,0.000000
1081,10.810071,5879.306606712,5879.306606712,5327,7457800,0.000000
1082,10.820070,5879.316605789,5879.316605789,5332,7464800,0.000000
1083,10.830060,5879.326595751,5879.326595751,5337,7471800,0.000000
1084,10.840019,5879.336555410,5879.336555410,5342,7478800,0.000000
1085,10.850068,5879.346603965,5879.346603965,5347,7485800,0.000000
1086,10.860063,5879.356599546,5879.356599546,5352,7492800,0.000000
1087,10.870059,5879.366595251,5879.366595251,5357,7499800,0.000000
1088,10.880059,5879.376594897,5879.376594897,5362,7506800,0.000000
1089,10.890063,5879.386598728,5879.386598728,5367,7513800,0.000000
1090,10.900065,5879.396601093,5879.396601093,5372,7520800,0.000000
1091,10.910043,5879.406579238,5879.406579238,5377,7527800,0.000000
1092,10.920080,5879.416615624,5879.416615624,5382,7534800,0.000000
1093,10.930067,5879.426603242,5879.426603242,5386,7540400,0.000000
1094,10.940060,5879.436595773,5879.436595773,5391,7547400,0.000000
1095,10.950046,5879.446582004,5879.446582004,5396,7554400,0.000000
1096,10.960066,5879.456601621,5879.456601621,5401,7561400,0.000000
1097,10.970060,5879.466596612,5879.466596612,5406,7568400,0.000000
1098,10.980064,5879.476600606,5879.476600606,5411,7575400,0.000000
1099,10.990064,5879.486599703,5879.486599703,5416,7582400,0.000000
1100,11.000067,5879.496602840,5879.496602840,5421,7589400,0.000000
1101,11.010059,5879.506594825,5879.506594825,5426,7596400,0.000000
1102,11.020064,5879.516599629,5879.516599629,5431,7603400,0.000000
1103,11.030064,5879.526600439,5879.526600439,5436,7610400,0.000000
1104,11.040058,5879.536593855,5879.536593855,5441,7617400,0.000000
1105,11.050037,5879.546573192,5879.546573192,5446,7624400,0.000000
1106,11.060076,5879.556611940,5879.556611940,5451,7631400,0.000000
1107,11.070060,5879.566596185,5879.566596185,5455,7637000,0.000000
1108,11.080011,5879.576547384,5879.576547384,5460,7644000,0.000000
1109,11.090066,5879.586602142,5879.586602142,5465,7651000,0.000000
1110,11.100065,5879.596601285,5879.596601285,5470,7658000,0.000000
1111,11.110066,5879.606602430,5879.606602430,5475,7665000,0.000000
1112,11.120059,5879.616595454,5879.616595454,5480,7672000,0.000000
1113,11.130063,5879.626599601,5879.626599601,5485,7679000,0.000000
1114,11.140066,5879.636602156,5879.636602156,5490,7686000,0.000000
1115,11.150061,5879.646597171,5879.646597171,5495,7693000,0.000000
1116,11.160027,5879.656563147,5879.656563147,5500,7700000,0.000000
1117,11.170064,5879.666600242,5879.666600242,5505,7707000,0.000000
1118,11.180071,5879.676607449,5879.676607449,5510,7714000,0.000000
1119,11.190038,5879.686573697,5879.686573697,5515,7721000,0.000000
1120,11.200061,5879.696597226,5879.696597226,5520,7728000,0.000000
1121,11.210068,5879.706603705,5879.706603705,5524,7733600,0.000000
1122,11.220075,5879.716611045,5879.716611045,5529,7740600,0.000000
1123,11.230072,5879.726607993,5879.726607993,5534,7747600,0.000000
1124,11.240085,5879.736620777,5879.736620777,5539,7754600,0.000000
1125,11.250066,5879.746601707,5879.746601707,5544,7761600,0.000000
1126,11.260068,5879.756603922,5879.756603922,5549,7768600,0.000000
1127,11.270064,5879.766600258,5879.766600258,5554,7775600,0.000000
1128,11.280060,5879.776595842,5879.776595842,5559,7782600,0.000000
1129,11.290081,5879.786616860,5879.786616860,5564,7789600,0.000000
1130,11.300067,5879.796603250,5879.796603250,5569,7796600,0.000000
1131,11.310063,5879.806599302,5879.806599302,5574,7803600,0.000000
1132,11.320060,5879.816596027,5879.816596027,5579,7810600,0.000000
1133,11.330060,5879.826595896,5879.826595896,5584,7817600,0.000000
1134,11.340071,5879.836607081,5879.836607081,5589,7824600,0.000000
1135,11.350069,5879.846605273,5879.846605273,5593,7830200,0.000000
1136,11.360068,5879.856604301,5879.856604301,5598,7837200,0.000000
1137,11.370069,5879.866605020,5879.866605020,5603,7844200,0.000000
1138,11.380072,5879.876608359,5879.876608359,5608,7851200,0.000000
1139,11.390069,5879.886605489,5879.886605489,5613,7858200,0.000000
1140,11.400066,5879.896602350,5879.896602350,5618,7865200,0.000000
1141,11.410066,5879.906602064,5879.906602064,5623,7872200,0.000000
1142,11.420067,5879.916603327,5879.916603327,5628,7879200,0.000000
1143,11.430071,5879.926607102,5879.926607102,5633,7886200,0.000000
1144,11.440064,5879.936600597,5879.936600597,5638,7893200,0.000000
1145,11.450013,5879.946549276,5879.946549276,5643,7900200,0.000000
1146,11.460062,5879.956598588,5879.956598588,5648,7907200,0.000000
1147,11.470029,5879.966564868,5879.966564868,5653,7914200,0.000000
1148,11.480023,5879.976559517,5879.976559517,5658,7921200,0.000000
1149,11.490060,5879.986596248,5879.986596248,5662,7926800,0.000000
1150,11.500068,5879.996603749,5879.996603749,5667,7933800,0.000000
1151,11.510065,5880.006601036,5880.006601036,5672,7940800,0.000000
1152,11.520066,5880.016602144,5880.016602144,5677,7947800,0.000000
1153,11.530068,5880.026604024,5880.026604024,5682,7954800,0.000000
1154,11.540068,5880.036604405,5880.036604405,5687,7961800,0.000000
1155,11.550066,5880.046601942,5880.046601942,5692,7968800,0.000000
1156,11.560066,5880.056602027,5880.056602027,5697,7975800,0.000000
1157,11.570066,5880.066602516,5880.066602516,5702,7982800,0.000000
1158,11.580062,5880.076597900,5880.076597900,5707,7989800,0.000000
1159,11.590065,5880.086601236,5880.086601236,5712,7996800,0.000000
1160,11.600064,5880.096599973,5880.096599973,5717,8003800,0.000000
1161,11.610053,5880.106588799,5880.106588799,5722,8010800,0.000000
1162,11.620076,5880.116612087,5880.116612087,5727,8017800,0.000000
1163,11.630069,5880.126605117,5880.126605117,5731,8023400,0.000000
1164,11.640071,5880.136607232,5880.136607232,5736,8030400,0.000000
1165,11.650070,5880.146606455,5880.146606455,5741,8037400,0.000000
1166,11.660064,5880.156600396,5880.156600396,5746,8044400,0.000000
1167,11.670072,5880.166608602,5880.166608602,5751,8051400,0.000000
1168,11.680067,5880.176602690,5880.176602690,5756,8058400,0.000000
1169,11.690057,5880.186592864,5880.186592864,5761,8065400,0.000000
1170,11.700068,5880.196603879,5880.196603879,5766,8072400,0.000000
1171,11.710092,5880.206627806,5880.206627806,5771,8079400,0.000000
1172,11.720065,5880.216601073,5880.216601073,5776,8086400,0.000000
1173,11.730063,5880.226598830,5880.226598830,5781,8093400,0.000000
1174,11.740037,5880.236573276,5880.236573276,5786,8100400,0.000000
1175,11.750041,5880.246577516,5880.246577516,5791,8107400,0.000000
1176,11.760081,5880.256616995,5880.256616995,5796,8114400,0.000000
1177,11.770065,5880.266601350,5880.266601350,5800,8120000,0.000000
1178,11.780068,5880.276603948,5880.276603948,5805,8127000,0.000000
1179,11.790034,5880.286570500,5880.286570500,5810,8134000,0.000000
1180,11.800066,5880.296601885,5880.296601885,5815,8141000,0.000000
1181,11.810069,5880.306605044,5880.306605044,5820,8148000,0.000000
1182,11.820068,5880.316604333,5880.316604333,5825,8155000,0.000000
1183,11.830066,5880.326602325,5880.326602325,5830,8162000,0.000000
1184,11.840068,5880.336604525,5880.336604525,5835,8169000,0.000000
1185,11.850069,5880.346605358,5880.346605358,5840,8176000,0.000000
1186,11.860082,5880.356618123,5880.356618123,5845,8183000,0.000000
1187,11.870065,5880.366601487,5880.366601487,5850,8190000,0.000000
1188,11.880072,5880.376608212,5880.376608212,5855,8197000,0.000000
1189,11.890047,5880.386583422,5880.386583422,5860,8204000,0.000000
1190,11.900068,5880.396603666,5880.396603666,5865,8211000,0.000000
1191,11.910068,5880.406604401,5880.406604401,5869,8216600,0.000000
1192,11.920064,5880.416600016,5880.416600016,5874,8223600,0.000000
1193,11.930060,5880.426596245,5880.426596245,5879,8230600,0.000000
1194,11.940067,5880.436602978,5880.436602978,5884,8237600,0.000000
1195,11.950064,5880.446600615,5880.446600615,5889,8244600,0.000000
1196,11.960071,5880.456606947,5880.456606947,5894,8251600,0.000000
1197,11.970069,5880.466604998,5880.466604998,5899,8258600,0.000000
1198,11.980064,5880.476600143,5880.476600143,5904,8265600,0.000000
1199,11.990043,5880.486579216,5880.486579216,5909,8272600,0.000000
1200,12.000066,5880.496602358,5880.496602358,5914,8279600,0.000000
1201,12.010063,5880.506598923,5880.506598923,5919,8286600,0.000000
1202,12.020067,5880.516602763,5880.516602763,5924,8293600,0.000000
1203,12.030047,5880.526582888,5880.526582888,5929,8300600,0.000000
1204,12.040081,5880.536616961,5880.536616961,5934,8307600,0.000000
1205,12.050066,5880.546601643,5880.546601643,5938,8313200,0.000000
1206,12.060062,5880.556598291,5880.556598291,5943,8320200,0.000000
1207,12.070069,5880.566605025,5880.566605025,5948,8327200,0.000000
1208,12.080068,5880.576603892,5880.576603892,5953,8334200,0.000000
1209,12.090075,5880.586611303,5880.586611303,5958,8341200,0.000000
1210,12.100069,5880.596605385,5880.596605385,5963,8348200,0.000000
1211,12.110066,5880.606602041,5880.606602041,5968,8355200,0.000000
1212,12.120067,5880.616603443,5880.616603443,5973,8362200,0.000000
1213,12.130067,5880.626603416,5880.626603416,5978,8369200,0.000000
1214,12.140064,5880.636600510,5880.636600510,5983,8376200,0.000000
1215,12.150064,5880.646599877,5880.646599877,5988,8383200,0.000000
1216,12.160062,5880.656598039,5880.656598039,5993,8390200,0.000000
1217,12.170041,5880.666577334,5880.666577334,5998,8397200,0.000000
1218,12.180077,5880.676612872,5880.676612872,6003,8404200,0.000000
1219,12.190068,5880.686604046,5880.686604046,6007,8409800,0.000000
1220,12.200075,5880.696610711,5880.696610711,6012,8416800,0.000000
1221,12.210071,5880.706607327,5880.706607327,6017,8423800,0.000000
1222,12.220066,5880.716602323,5880.716602323,6022,8430800,0.000000
1223,12.230073,5880.726609468,5880.726609468,6027,8437800,0.000000
1224,12.240067,5880.736603106,5880.736603106,6032,8444800,0.000000
1225,12.250067,5880.746602727,5880.746602727,6037,8451800,0.000000
1226,12.260071,5880.756606709,5880.756606709,6042,8458800,0.000000
1227,12.270073,5880.766609026,5880.766609026,6047,8465800,0.000000
1228,12.280062,5880.776598607,5880.776598607,6052,8472800,0.000000
1229,12.290068,5880.786603929,5880.786603929,6057,8479800,0.000000
1230,12.300037,5880.796573204,5880.796573204,6062,8486800,0.000000
1231,12.310050,5880.806586308,5880.806586308,6067,8493800,0.000000
1232,12.320081,5880.816617546,5880.816617546,6072,8500800,0.000000
1233,12.330071,5880.826607338,5880.826607338,6076,8506400,0.000000
1234,12.340071,5880.836607536,5880.836607536,6081,8513400,0.000000
1235,12.350071,5880.846607296,5880.846607296,6086,8520400,0.000000
1236,12.360084,5880.856619824,5880.856619824,6091,8527400,0.000000
1237,12.370064,5880.866600283,5880.866600283,6096,8534400,0.000000
1238,12.380066,5880.876602303,5880.876602303,6101,8541400,0.000000
1239,12.390065,5880.886601598,5880.886601598,6106,8548400,0.000000
1240,12.400058,5880.896594347,5880.896594347,6111,8555400,0.000000
1241,12.410065,5880.906601468,5880.906601468,6116,8562400,0.000000
1242,12.420064,5880.916600034,5880.916600034,6121,8569400,0.000000
1243,12.430063,5880.926598665,5880.926598665,6126,8576400,0.000000
1244,12.440063,5880.936598847,5880.936598847,6131,8583400,0.000000
1245,12.450050,5880.946586185,5880.946586185,6136,8590400,0.000000
1246,12.460073,5880.956608697,5880.956608697,6141,8597400,0.000000
1247,12.470077,5880.966613024,5880.966613024,6145,8603000,0.000000
1248,12.480079,5880.976615573,5880.976615573,6150,8610000,0.000000
1249,12.490026,5880.986561669,5880.986561669,6155,8617000,0.000000
1250,12.500055,5880.996591095,5880.996591095,6160,8624000,0.000000
1251,12.510070,5881.006606047,5881.006606047,6165,8631000,0.000000
1252,12.520072,5881.016608066,5881.016608066,6170,8638000,0.000000
1253,12.530073,5881.026609235,5881.026609235,6175,8645000,0.000000
1254,12.540066,5881.036602162,5881.036602162,6180,8652000,0.000000
1255,12.550021,5881.046557030,5881.046557030,6185,8659000,0.000000
1256,12.560065,5881.056600700,5881.056600700,6190,8666000,0.000000
1257,12.570062,5881.066598466,5881.066598466,6195,8673000,0.000000
1258,12.580062,5881.076598197,5881.076598197,6200,8680000,0.000000
1259,12.590056,5881.086592180,5881.086592180,6205,8687000,0.000000
1260,12.600076,5881.096611992,5881.096611992,6210,8694000,0.000000
1261,12.610022,5881.106557686,5881.106557686,6214,8699600,0.000000
1262,12.620067,5881.116602893,5881.116602893,6219,8706600,0.000000
1263,12.630072,5881.126607824,5881.126607824,6224,8713600,0.000000
1264,12.640073,5881.136608822,5881.136608822,6229,8720600,0.000000
1265,12.650073,5881.146609328,5881.146609328,6234,8727600,0.000000
1266,12.660065,5881.156601456,5881.156601456,6239,8734600,0.000000
1267,12.670066,5881.166601707,5881.166601707,6244,8741600,0.000000
1268,12.680068,5881.176603666,5881.176603666,6249,8748600,0.000000
1269,12.690065,5881.186600968,5881.186600968,6254,8755600,0.000000
1270,12.700027,5881.196563144,5881.196563144,6259,8762600,0.000000
1271,12.710064,5881.206599652,5881.206599652,6264,8769600,0.000000
1272,12.720062,5881.216597786,5881.216597786,6269,8776600,0.000000
1273,12.730056,5881.226592011,5881.226592011,6274,8783600,0.000000
1274,12.740083,5881.236618887,5881.236618887,6279,8790600,0.000000
1275,12.750072,5881.246608379,5881.246608379,6283,8796200,0.000000
1276,12.760062,5881.256598246,5881.256598246,6288,8803200,0.000000
1277,12.770076,5881.266612157,5881.266612157,6293,8810200,0.000000
1278,12.780067,5881.276603171,5881.276603171,6298,8817200,0.000000
1279,12.790065,5881.286601410,5881.286601410,6303,8824200,0.000000
1280,12.800066,5881.296601790,5881.296601790,6308,8831200,0.000000
1281,12.810068,5881.306604456,5881.306604456,6313,8838200,0.000000
1282,12.820087,5881.316622848,5881.316622848,6318,8845200,0.000000
1283,12.830073,5881.326609428,5881.326609428,6323,8852200,0.000000
1284,12.840063,5881.336598849,5881.336598849,6328,8859200,0.000000
1285,12.850069,5881.346605389,5881.346605389,6333,8866200,0.000000
1286,12.860038,5881.356573824,5881.356573824,6338,8873200,0.000000
1287,12.870052,5881.366588034,5881.366588034,6343,8880200,0.000000
1288,12.880075,5881.376611435,5881.376611435,6348,8887200,0.000000
1289,12.890065,5881.386601198,5881.386601198,6352,8892800,0.000000
1290,12.900011,5881.396546734,5881.396546734,6357,8899800,0.000000
1291,12.910064,5881.406599760,5881.406599760,6362,8906800,0.000000
1292,12.920068,5881.416604144,5881.416604144,6367,8913800,0.000000
1293,12.930048,5881.426583862,5881.426583862,6372,8920800,0.000000
1294,12.940058,5881.436594579,5881.436594579,6377,8927800,0.000000
1295,12.950063,5881.446599501,5881.446599501,6382,8934800,0.000000
1296,12.960065,5881.456601131,5881.456601131,6387,8941800,0.000000
1297,12.970068,5881.466603906,5881.466603906,6392,8948800,0.000000
1298,12.980063,5881.476598704,5881.476598704,6397,8955800,0.000000
1299,12.990065,5881.486600969,5881.486600969,6402,8962800,0.000000
1300,13.000064,5881.496599955,5881.496599955,6407,8969800,0.000000
1301,13.010039,5881.506575441,5881.506575441,6412,8976800,0.000000
1302,13.020075,5881.516610668,5881.516610668,6417,8983800,0.000000
1303,13.030069,5881.526605078,5881.526605078,6421,8989400,0.000000
1304,13.040031,5881.536567049,5881.536567049,6426,8996400,0.000000
1305,13.050047,5881.546582716,5881.546582716,6431,9003400,0.000000
1306,13.060067,5881.556602723,5881.556602723,6436,9010400,0.000000
1307,13.070085,5881.566621451,5881.566621451,6441,9017400,0.000000
1308,13.080068,5881.576604426,5881.576604426,6446,9024400,0.000000
1309,13.090064,5881.586600333,5881.586600333,6451,9031400,0.000000
1310,13.100064,5881.596599988,5881.596599988,6456,9038400,0.000000
1311,13.110066,5881.606601894,5881.606601894,6461,9045400,0.000000
1312,13.120066,5881.616601890,5881.616601890,6466,9052400,0.000000
1313,13.130062,5881.626598608,5881.626598608,6471,9059400,0.000000
1314,13.140064,5881.636599905,5881.636599905,6476,9066400,0.000000
1315,13.150057,5881.646593002,5881.646593002,6481,9073400,0.000000
1316,13.160084,5881.656620550,5881.656620550,6486,9080400,0.000000
1317,13.170070,5881.666606581,5881.666606581,6490,9086000,0.000000
1318,13.180024,5881.676560217,5881.676560217,6495,9093000,0.000000
1319,13.190069,5881.686604974,5881.686604974,6500,9100000,0.000000
1320,13.200071,5881.696606628,5881.696606628,6505,9107000,0.000000
1321,13.210062,5881.706598404,5881.706598404,6510,9114000,0.000000
1322,13.220019,5881.716554756,5881.716554756,6515,9121000,0.000000
1323,13.230066,5881.726601900,5881.726601900,6520,9128000,0.000000
1324,13.240064,5881.736600134,5881.736600134,6525,9135000,0.000000
1325,13.250019,5881.746555268,5881.746555268,6530,9142000,0.000000
1326,13.260033,5881.756568860,5881.756568860,6535,9149000,0.000000
1327,13.270062,5881.766597977,5881.766597977,6540,9156000,0.000000
1328,13.280064,5881.776600023,5881.776600023,6545,9163000,0.000000
1329,13.290063,5881.786598805,5881.786598805,6550,9170000,0.000000
1330,13.300073,5881.796609164,5881.796609164,6555,9177000,0.000000
1331,13.310070,5881.806605741,5881.806605741,6559,9182600,0.000000
1332,13.320067,5881.816603286,5881.816603286,6564,9189600,0.000000
1333,13.330067,5881.826602665,5881.826602665,6569,9196600,0.000000
1334,13.340067,5881.836602766,5881.836602766,6574,9203600,0.000000
1335,13.350068,5881.846603747,5881.846603747,6579,9210600,0.000000
1336,13.360067,5881.856603472,5881.856603472,6584,9217600,0.000000
1337,13.370066,5881.866602325,5881.866602325,6589,9224600,0.000000
1338,13.380070,5881.876605913,5881.876605913,6594,9231600,0.000000
1339,13.390067,5881.886603181,5881.886603181,6599,9238600,0.000000
1340,13.400065,5881.896600635,5881.896600635,6604,9245600,0.000000
1341,13.410064,5881.906600387,5881.906600387,6609,9252600,0.000000
1342,13.420062,5881.916598474,5881.916598474,6614,9259600,0.000000
1343,13.430078,5881.926614322,5881.926614322,6619,9266600,0.000000
1344,13.440082,5881.936618488,5881.936618488,6624,9273600,0.000000
1345,13.450064,5881.946600303,5881.946600303,6628,9279200,0.000000
1346,13.460012,5881.956548195,5881.956548195,6633,9286200,0.000000
1347,13.470064,5881.966600164,5881.966600164,6638,9293200,0.000000
1348,13.480067,5881.976602626,5881.976602626,6643,9300200,0.000000
1349,13.490060,5881.986595896,5881.986595896,6648,9307200,0.000000
1350,13.500075,5881.996610948,5881.996610948,6653,9314200,0.000000
1351,13.510064,5882.006600431,5882.006600431,6658,9321200,0.000000
1352,13.520066,5882.016602346,5882.016602346,6663,9328200,0.000000
1353,13.530071,5882.026607060,5882.026607060,6668,9335200,0.000000
1354,13.540064,5882.036600131,5882.036600131,6673,9342200,0.000000
1355,13.550062,5882.046598257,5882.046598257,6678,9349200,0.000000
1356,13.560063,5882.056599343,5882.056599343,6683,9356200,0.000000
1357,13.570043,5882.066579021,5882.066579021,6688,9363200,0.000000
1358,13.580075,5882.076611111,5882.076611111,6693,9370200,0.000000
1359,13.590067,5882.086602727,5882.086602727,6697,9375800,0.000000
1360,13.600067,5882.096603025,5882.096603025,6702,9382800,0.000000
1361,13.610066,5882.106601773,5882.106601773,6707,9389800,0.000000
1362,13.620070,5882.116606534,5882.116606534,6712,9396800,0.000000
1363,13.630064,5882.126600491,5882.126600491,6717,9403800,0.000000
1364,13.640020,5882.136556617,5882.136556617,6722,9410800,0.000000
1365,13.650065,5882.146601446,5882.146601446,6727,9417800,0.000000
1366,13.660064,5882.156600398,5882.156600398,6732,9424800,0.000000
1367,13.670022,5882.166558597,5882.166558597,6737,9431800,0.000000
1368,13.680065,5882.176600634,5882.176600634,6742,9438800,0.000000
1369,13.690067,5882.186602695,5882.186602695,6747,9445800,0.000000
1370,13.700064,5882.196600146,5882.196600146,6752,9452800,0.000000
1371,13.710050,5882.206586498,5882.206586498,6757,9459800,0.000000
1372,13.720069,5882.216605470,5882.216605470,6762,9466800,0.000000
1373,13.730068,5882.226604159,5882.226604159,6766,9472400,0.000000
1374,13.740068,5882.236603826,5882.236603826,6771,9479400,0.000000
1375,13.750032,5882.246568577,5882.246568577,6776,9486400,0.000000
1376,13.760068,5882.256603628,5882.256603628,6781,9493400,0.000000
1377,13.770060,5882.266595861,5882.266595861,6786,9500400,0.000000
1378,13.780062,5882.276598604,5882.276598604,6791,9507400,0.000000
1379,13.790064,5882.286600249,5882.286600249,6796,9514400,0.000000
1380,13.800066,5882.296602602,5882.296602602,6801,9521400,0.000000
1381,13.810017,5882.306553428,5882.306553428,6806,9528400,0.000000
1382,13.820063,5882.316599268,5882.316599268,6811,9535400,0.000000
1383,13.830062,5882.326598063,5882.326598063,6816,9542400,0.000000
1384,13.840062,5882.336598078,5882.336598078,6821,9549400,0.000000
1385,13.850044,5882.346580397,5882.346580397,6826,9556400,0.000000
1386,13.860077,5882.356612864,5882.356612864,6831,9563400,0.000000
1387,13.870070,5882.366605694,5882.366605694,6835,9569000,0.000000
1388,13.880022,5882.376557768,5882.376557768,6840,9576000,0.000000
1389,13.890071,5882.386606666,5882.386606666,6845,9583000,0.000000
1390,13.900068,5882.396604446,5882.396604446,6850,9590000,0.000000
1391,13.910062,5882.406597996,5882.406597996,6855,9597000,0.000000
1392,13.920065,5882.416600858,5882.416600858,6860,9604000,0.000000
1393,13.930065,5882.426600740,5882.426600740,6865,9611000,0.000000
1394,13.940064,5882.436600305,5882.436600305,6870,9618000,0.000000
1395,13.950016,5882.446551807,5882.446551807,6875,9625000,0.000000
1396,13.960066,5882.456601648,5882.456601648,6880,9632000,0.000000
1397,13.970062,5882.466598299,5882.466598299,6885,9639000,0.000000
1398,13.980067,5882.476602783,5882.476602783,6890,9646000,0.000000
1399,13.990045,5882.486581586,5882.486581586,6895,9653000,0.000000
1400,14.000080,5882.496615851,5882.496615851,6900,9660000,0.000000
1401,14.010066,5882.506602579,5882.506602579,6904,9665600,0.000000
1402,14.020010,5882.516546394,5882.516546394,6909,9672600,0.000000
1403,14.030068,5882.526604471,5882.526604471,6914,9679600,0.000000
1404,14.040065,5882.536601527,5882.536601527,6919,9686600,0.000000
1405,14.050066,5882.546602383,5882.546602383,6924,9693600,0.000000
1406,14.060066,5882.556601773,5882.556601773,6929,9700600,0.000000
1407,14.070067,5882.566602665,5882.566602665,6934,9707600,0.000000
1408,14.080067,5882.576603561,5882.576603561,6939,9714600,0.000000
1409,14.090067,5882.586602865,5882.586602865,6944,9721600,0.000000
1410,14.100076,5882.596612596,5882.596612596,6949,9728600,0.000000
1411,14.110066,5882.606602326,5882.606602326,6954,9735600,0.000000
1412,14.120058,5882.616594348,5882.616594348,6959,9742600,0.000000
1413,14.130042,5882.626578223,5882.626578223,6964,9749600,0.000000
1414,14.140085,5882.636621411,5882.636621411,6969,9756600,0.000000
1415,14.150067,5882.646603464,5882.646603464,6973,9762200,0.000000
1416,14.160058,5882.656594044,5882.656594044,6978,9769200,0.000000
1417,14.170065,5882.666601527,5882.666601527,6983,9776200,0.000000
1418,14.180067,5882.676602864,5882.676602864,6988,9783200,0.000000
1419,14.190061,5882.686597236,5882.686597236,6993,9790200,0.000000
1420,14.200063,5882.696599566,5882.696599566,6998,9797200,0.000000
1421,14.210071,5882.706607184,5882.706607184,7003,9804200,0.000000
1422,14.220073,5882.716608732,5882.716608732,7008,9811200,0.000000
1423,14.230045,5882.726581244,5882.726581244,7013,9818200,0.000000
1424,14.240070,5882.736606550,5882.736606550,7018,9825200,0.000000
1425,14.250065,5882.746600970,5882.746600970,7023,9832200,0.000000
1426,14.260058,5882.756594520,5882.756594520,7028,9839200,0.000000
1427,14.270051,5882.766587467,5882.766587467,7033,9846200,0.000000
1428,14.280080,5882.776615773,5882.776615773,7038,9853200,0.000000
1429,14.290071,5882.786607025,5882.786607025,7042,9858800,0.000000
1430,14.300065,5882.796600820,5882.796600820,7047,9865800,0.000000
1431,14.310067,5882.806603596,5882.806603596,7052,9872800,0.000000
1432,14.320084,5882.816619750,5882.816619750,7057,9879800,0.000000
1433,14.330073,5882.826609276,5882.826609276,7062,9886800,0.000000
1434,14.340073,5882.836609584,5882.836609584,7067,9893800,0.000000
1435,14.350077,5882.846613193,5882.846613193,7072,9900800,0.000000
1436,14.360070,5882.856605721,5882.856605721,7077,9907800,0.000000
1437,14.370069,5882.866605420,5882.866605420,7082,9914800,0.000000
1438,14.380067,5882.876603501,5882.876603501,7087,9921800,0.000000
1439,14.390066,5882.886602297,5882.886602297,7092,9928800,0.000000
1440,14.400063,5882.896599081,5882.896599081,7097,9935800,0.000000
1441,14.410048,5882.906584559,5882.906584559,7102,9942800,0.000000
1442,14.420081,5882.916616921,5882.916616921,7107,9949800,0.000000
1443,14.430084,5882.926620471,5882.926620471,7111,9955400,0.000000
1444,14.440056,5882.936592571,5882.936592571,7116,9962400,0.000000
1445,14.450065,5882.946600913,5882.946600913,7121,9969400,0.000000
1446,14.460063,5882.956598660,5882.956598660,7126,9976400,0.000000
1447,14.470061,5882.966596634,5882.966596634,7131,9983400,0.000000
1448,14.480046,5882.976581823,5882.976581823,7136,9990400,0.000000
1449,14.490068,5882.986603772,5882.986603772,7141,9997400,0.000000
1450,14.500065,5882.996601521,5882.996601521,7146,10004400,0.000000
1451,14.510089,5883.006624939,5883.006624939,7151,10011400,0.000000
1452,14.520069,5883.016605575,5883.016605575,7156,10018400,0.000000
1453,14.530075,5883.026610634,5883.026610634,7161,10025400,0.000000
1454,14.540023,5883.036559521,5883.036559521,7166,10032400,0.000000
1455,14.550042,5883.046577673,5883.046577673,7171,10039400,0.000000
1456,14.560078,5883.056613728,5883.056613728,7176,10046400,0.000000
1457,14.570068,5883.066604351,5883.066604351,7180,10052000,0.000000
1458,14.580070,5883.076606412,5883.076606412,7185,10059000,0.000000
1459,14.590068,5883.086603723,5883.086603723,7190,10066000,0.000000
1460,14.600070,5883.096606025,5883.096606025,7195,10073000,0.000000
1461,14.610060,5883.106596418,5883.106596418,7200,10080000,0.000000
1462,14.620064,5883.116599860,5883.116599860,7205,10087000,0.000000
1463,14.630065,5883.126601349,5883.126601349,7210,10094000,0.000000
1464,14.640042,5883.136577818,5883.136577818,7215,10101000,0.000000
1465,14.650024,5883.146559776,5883.146559776,7220,10108000,0.000000
1466,14.660065,5883.156601366,5883.156601366,7225,10115000,0.000000
1467,14.670063,5883.166599347,5883.166599347,7230,10122000,0.000000
1468,14.680065,5883.176601191,5883.176601191,7235,10129000,0.000000
1469,14.690043,5883.186579123,5883.186579123,7240,10136000,0.000000
1470,14.700077,5883.196613130,5883.196613130,7245,10143000,0.000000
1471,14.710068,5883.206603924,5883.206603924,7249,10148600,0.000000
1472,14.720065,5883.216600695,5883.216600695,7254,10155600,0.000000
1473,14.730067,5883.226602938,5883.226602938,7259,10162600,0.000000
1474,14.740061,5883.236597278,5883.236597278,7264,10169600,0.000000
1475,14.750064,5883.246600533,5883.246600533,7269,10176600,0.000000
1476,14.760029,5883.256564837,5883.256564837,7274,10183600,0.000000
1477,14.770077,5883.266613146,5883.266613146,7279,10190600,0.000000
1478,14.780066,5883.276602304,5883.276602304,7284,10197600,0.000000
1479,14.790027,5883.286563056,5883.286563056,7289,10204600,0.000000
1480,14.800063,5883.296599422,5883.296599422,7294,10211600,0.000000
1481,14.810068,5883.306604168,5883.306604168,7299,10218600,0.000000
1482,14.820065,5883.316601037,5883.316601037,7304,10225600,0.000000
1483,14.830055,5883.326591202,5883.326591202,7309,10232600,0.000000
1484,14.840048,5883.336583764,5883.336583764,7314,10239600,0.000000
1485,14.850067,5883.346603365,5883.346603365,7318,10245200,0.000000
1486,14.860028,5883.356563707,5883.356563707,7323,10252200,0.000000
1487,14.870060,5883.366595656,5883.366595656,7328,10259200,0.000000
1488,14.880067,5883.376602961,5883.376602961,7333,10266200,0.000000
1489,14.890059,5883.386595534,5883.386595534,7338,10273200,0.000000
1490,14.900077,5883.396613026,5883.396613026,7343,10280200,0.000000
1491,14.910072,5883.406608065,5883.406608065,7348,10287200,0.000000
1492,14.920066,5883.416601636,5883.416601636,7353,10294200,0.000000
1493,14.930037,5883.426573512,5883.426573512,7358,10301200,0.000000
1494,14.940068,5883.436603660,5883.436603660,7363,10308200,0.000000
1495,14.950063,5883.446599369,5883.446599369,7368,10315200,0.000000
1496,14.960062,5883.456598060,5883.456598060,7373,10322200,0.000000
1497,14.970044,5883.466579918,5883.466579918,7378,10329200,0.000000
1498,14.980077,5883.476613094,5883.476613094,7383,10336200,0.000000
1499,14.990061,5883.486597107,5883.486597107,7387,10341800,0.000000
1500,15.000070,5883.496606103,5883.496606103,7392,10348800,0.000000
1501,15.010049,5883.506585539,5883.506585539,7397,10355800,0.000000
1502,15.020066,5883.516601666,5883.516601666,7402,10362800,0.000000
1503,15.030066,5883.526602202,5883.526602202,7407,10369800,0.000000
1504,15.040066,5883.536602277,5883.536602277,7412,10376800,0.000000
1505,15.050064,5883.546600026,5883.546600026,7417,10383800,0.000000
1506,15.060065,5883.556601067,5883.556601067,7422,10390800,0.000000
1507,15.070065,5883.566601556,5883.566601556,7427,10397800,0.000000
1508,15.080028,5883.576564037,5883.576564037,7432,10404800,0.000000
1509,15.090063,5883.586598930,5883.586598930,7437,10411800,0.000000
1510,15.100059,5883.596595327,5883.596595327,7442,10418800,0.000000
1511,15.110039,5883.606575244,5883.606575244,7447,10425800,0.000000
1512,15.120077,5883.616613333,5883.616613333,7452,10432800,0.000000
1513,15.130066,5883.626601786,5883.626601786,7456,10438400,0.000000
1514,15.140020,5883.636555753,5883.636555753,7461,10445400,0.000000
1515,15.150059,5883.646595020,5883.646595020,7466,10452400,0.000000
1516,15.160067,5883.656603127,5883.656603127,7471,10459400,0.000000
1517,15.170066,5883.666601777,5883.666601777,7476,10466400,0.000000
1518,15.180073,5883.676608830,5883.676608830,7481,10473400,0.000000
1519,15.190066,5883.686602410,5883.686602410,7486,10480400,0.000000
1520,15.200068,5883.696604252,5883.696604252,7491,10487400,0.000000
1521,15.210030,5883.706565857,5883.706565857,7496,10494400,0.000000
1522,15.220063,5883.716599331,5883.716599331,7501,10501400,0.000000
1523,15.230063,5883.726599277,5883.726599277,7506,10508400,0.000000
1524,15.240064,5883.736600271,5883.736600271,7511,10515400,0.000000
1525,15.250070,5883.746606328,5883.746606328,7516,10522400,0.000000
1526,15.260070,5883.756606434,5883.756606434,7521,10529400,0.000000
1527,15.270067,5883.766603379,5883.766603379,7525,10535000,0.000000
1528,15.280066,5883.776602383,5883.776602383,7530,10542000,0.000000
1529,15.290062,5883.786597675,5883.786597675,7535,10549000,0.000000
1530,15.300064,5883.796599997,5883.796599997,7540,10556000,0.000000
1531,15.310064,5883.806599811,5883.806599811,7545,10563000,0.000000
1532,15.320072,5883.816608183,5883.816608183,7550,10570000,0.000000
1533,15.330064,5883.826600526,5883.826600526,7555,10577000,0.000000
1534,15.340063,5883.836599618,5883.836599618,7560,10584000,0.000000
1535,15.350032,5883.846568080,5883.846568080,7565,10591000,0.000000
1536,15.360062,5883.856598611,5883.856598611,7570,10598000,0.000000
1537,15.370062,5883.866598403,5883.866598403,7575,10605000,0.000000
1538,15.380052,5883.876588229,5883.876588229,7580,10612000,0.000000
1539,15.390050,5883.886586242,5883.886586242,7585,10619000,0.000000
1540,15.400080,5883.896615637,5883.896615637,7590,10626000,0.000000
1541,15.410066,5883.906602083,5883.906602083,7594,10631600,0.000000
1542,15.420030,5883.916565928,5883.916565928,7599,10638600,0.000000
1543,15.430047,5883.926583129,5883.926583129,7604,10645600,0.000000
1544,15.440067,5883.936603605,5883.936603605,7609,10652600,0.000000
1545,15.450067,5883.946603023,5883.946603023,7614,10659600,0.000000
1546,15.460079,5883.956614646,5883.956614646,7619,10666600,0.000000
1547,15.470065,5883.966601540,5883.966601540,7624,10673600,0.000000
1548,15.480066,5883.976602578,5883.976602578,7629,10680600,0.000000
1549,15.490068,5883.986604306,5883.986604306,7634,10687600,0.000000
1550,15.500063,5883.996598887,5883.996598887,7639,10694600,0.000000
1551,15.510071,5884.006606733,5884.006606733,7644,10701600,0.000000
1552,15.520066,5884.016602003,5884.016602003,7649,10708600,0.000000
1553,15.530057,5884.026592942,5884.026592942,7654,10715600,0.000000
1554,15.540081,5884.036617487,5884.036617487,7659,10722600,0.000000
1555,15.550089,5884.046625111,5884.046625111,7663,10728200,0.000000
1556,15.560071,5884.056607287,5884.056607287,7668,10735200,0.000000
1557,15.570071,5884.066606922,5884.066606922,7673,10742200,0.000000
1558,15.580070,5884.076606408,5884.076606408,7678,10749200,0.000000
1559,15.590067,5884.086602983,5884.086602983,7683,10756200,0.000000
1560,15.600067,5884.096603350,5884.096603350,7688,10763200,0.000000
1561,15.610063,5884.106599016,5884.106599016,7693,10770200,0.000000
1562,15.620064,5884.116600578,5884.116600578,7698,10777200,0.000000
1563,15.630059,5884.126595539,5884.126595539,7703,10784200,0.000000
1564,15.640065,5884.136601290,5884.136601290,7708,10791200,0.000000
1565,15.650066,5884.146601878,5884.146601878,7713,10798200,0.000000
1566,15.660064,5884.156599666,5884.156599666,7718,10805200,0.000000
1567,15.670044,5884.166579874,5884.166579874,7723,10812200,0.000000
1568,15.680084,5884.176620255,5884.176620255,7728,10819200,0.000000
1569,15.690072,5884.186608606,5884.186608606,7732,10824800,0.000000
1570,15.700071,5884.196607193,5884.196607193,7737,10831800,0.000000
1571,15.710074,5884.206610296,5884.206610296,7742,10838800,0.000000
1572,15.720069,5884.216604825,5884.216604825,7747,10845800,0.000000
1573,15.730071,5884.226607359,5884.226607359,7752,10852800,0.000000
1574,15.740066,5884.236602392,5884.236602392,7757,10859800,0.000000
1575,15.750069,5884.246604905,5884.246604905,7762,10866800,0.000000
1576,15.760069,5884.256604945,5884.256604945,7767,10873800,0.000000
1577,15.770074,5884.266609915,5884.266609915,7772,10880800,0.000000
1578,15.780033,5884.276569340,5884.276569340,7777,10887800,0.000000
1579,15.790068,5884.286604234,5884.286604234,7782,10894800,0.000000
1580,15.800062,5884.296598487,5884.296598487,7787,10901800,0.000000
1581,15.810058,5884.306593794,5884.306593794,7792,10908800,0.000000
1582,15.820082,5884.316618225,5884.316618225,7797,10915800,0.000000
1583,15.830068,5884.326603835,5884.326603835,7801,10921400,0.000000
1584,15.840072,5884.336607775,5884.336607775,7806,10928400,0.000000
1585,15.850067,5884.346602895,5884.346602895,7811,10935400,0.000000
1586,15.860070,5884.356606530,5884.356606530,7816,10942400,0.000000
1587,15.870064,5884.366600126,5884.366600126,7821,10949400,0.000000
1588,15.880068,5884.376604567,5884.376604567,7826,10956400,0.000000
1589,15.890070,5884.386606297,5884.386606297,7831,10963400,0.000000
1590,15.900066,5884.396602071,5884.396602071,7836,10970400,0.000000
1591,15.910067,5884.406603610,5884.406603610,7841,10977400,0.000000
1592,15.920090,5884.416626203,5884.416626203,7846,10984400,0.000000
1593,15.930080,5884.426616085,5884.426616085,7851,10991400,0.000000
1594,15.940068,5884.436604592,5884.436604592,7856,10998400,0.000000
1595,15.950080,5884.446615910,5884.446615910,7861,11005400,0.000000
1596,15.960107,5884.456642831,5884.456642831,7866,11012400,0.000000
1597,15.970084,5884.466619818,5884.466619818,7870,11018000,0.000000
1598,15.980069,5884.476604859,5884.476604859,7875,11025000,0.000000
1599,15.990053,5884.486589251,5884.486589251,7880,11032000,0.000000
1600,16.000076,5884.496612170,5884.496612170,7885,11039000,0.000000
1601,16.010077,5884.506613533,5884.506613533,7890,11046000,0.000000
1602,16.020071,5884.516606660,5884.516606660,7895,11053000,0.000000
1603,16.030079,5884.526614767,5884.526614767,7900,11060000,0.000000
1604,16.040065,5884.536600848,5884.536600848,7905,11067000,0.000000
1605,16.050065,5884.546600662,5884.546600662,7910,11074000,0.000000
1606,16.060058,5884.556594280,5884.556594280,7915,11081000,0.000000
1607,16.070059,5884.566594920,5884.566594920,7920,11088000,0.000000
1608,16.080063,5884.576599439,5884.576599439,7925,11095000,0.000000
1609,16.090028,5884.586563855,5884.586563855,7930,11102000,0.000000
1610,16.100078,5884.596614201,5884.596614201,7935,11109000,0.000000
1611,16.110073,5884.606608987,5884.606608987,7939,11114600,0.000000
1612,16.120071,5884.616607323,5884.616607323,7944,11121600,0.000000
1613,16.130070,5884.626606478,5884.626606478,7949,11128600,0.000000
1614,16.140071,5884.636606828,5884.636606828,7954,11135600,0.000000
1615,16.150066,5884.646602579,5884.646602579,7959,11142600,0.000000
1616,16.160064,5884.656599928,5884.656599928,7964,11149600,0.000000
1617,16.170066,5884.666602528,5884.666602528,7969,11156600,0.000000
1618,16.180065,5884.676600957,5884.676600957,7974,11163600,0.000000
1619,16.190066,5884.686601739,5884.686601739,7979,11170600,0.000000
1620,16.200069,5884.696604813,5884.696604813,7984,11177600,0.000000
1621,16.210067,5884.706602706,5884.706602706,7989,11184600,0.000000
1622,16.220069,5884.716605528,5884.716605528,7994,11191600,0.000000
1623,16.230053,5884.726588983,5884.726588983,7999,11198600,0.000000
1624,16.240093,5884.736628914,5884.736628914,8004,11205600,0.000000
1625,16.250071,5884.746606630,5884.746606630,8008,11211200,0.000000
1626,16.260080,5884.756615768,5884.756615768,8013,11218200,0.000000
1627,16.270073,5884.766608992,5884.766608992,8018,11225200,0.000000
1628,16.280076,5884.776612037,5884.776612037,8023,11232200,0.000000
1629,16.290067,5884.786603555,5884.786603555,8028,11239200,0.000000
1630,16.300068,5884.796603773,5884.796603773,8033,11246200,0.000000
1631,16.310069,5884.806605607,5884.806605607,8038,11253200,0.000000
1632,16.320066,5884.816602105,5884.816602105,8043,11260200,0.000000
1633,16.330064,5884.826600232,5884.826600232,8048,11267200,0.000000
1634,16.340064,5884.836599779,5884.836599779,8053,11274200,0.000000
1635,16.350064,5884.846600400,5884.846600400,8058,11281200,0.000000
1636,16.360065,5884.856600816,5884.856600816,8063,11288200,0.000000
1637,16.370047,5884.866583102,5884.866583102,8068,11295200,0.000000
1638,16.380081,5884.876617129,5884.876617129,8073,11302200,0.000000
1639,16.390076,5884.886612135,5884.886612135,8077,11307800,0.000000
1640,16.400073,5884.896609385,5884.896609385,8082,11314800,0.000000
1641,16.410084,5884.906620009,5884.906620009,8087,11321800,0.000000
1642,16.420070,5884.916606473,5884.916606473,8092,11328800,0.000000
1643,16.430069,5884.926605523,5884.926605523,8097,11335800,0.000000
1644,16.440047,5884.936582958,5884.936582958,8102,11342800,0.000000
1645,16.450067,5884.946602961,5884.946602961,8107,11349800,0.000000
1646,16.460065,5884.956601572,5884.956601572,8112,11356800,0.000000
1647,16.470068,5884.966603990,5884.966603990,8117,11363800,0.000000
1648,16.480075,5884.976611132,5884.976611132,8122,11370800,0.000000
1649,16.490067,5884.986603522,5884.986603522,8127,11377800,0.000000
1650,16.500062,5884.996598092,5884.996598092,8132,11384800,0.000000
1651,16.510040,5885.006576366,5885.006576366,8137,11391800,0.000000
1652,16.520078,5885.016613906,5885.016613906,8142,11398800,0.000000
1653,16.530069,5885.026605452,5885.026605452,8146,11404400,0.000000
1654,16.540066,5885.036602383,5885.036602383,8151,11411400,0.000000
1655,16.550063,5885.046599255,5885.046599255,8156,11418400,0.000000
1656,16.560073,5885.056608949,5885.056608949,8161,11425400,0.000000
1657,16.570072,5885.066607847,5885.066607847,8166,11432400,0.000000
1658,16.580070,5885.076606122,5885.076606122,8171,11439400,0.000000
1659,16.590068,5885.086604158,5885.086604158,8176,11446400,0.000000
1660,16.600067,5885.096603434,5885.096603434,8181,11453400,0.000000
1661,16.610071,5885.106606688,5885.106606688,8186,11460400,0.000000
1662,16.620099,5885.116635213,5885.116635213,8191,11467400,0.000000
1663,16.630067,5885.126603376,5885.126603376,8196,11474400,0.000000
1664,16.640065,5885.136600633,5885.136600633,8201,11481400,0.000000
1665,16.650028,5885.146564274,5885.146564274,8206,11488400,0.000000
1666,16.660084,5885.156620319,5885.156620319,8211,11495400,0.000000
1667,16.670068,5885.166604401,5885.166604401,8215,11501000,0.000000
1668,16.680072,5885.176608536,5885.176608536,8220,11508000,0.000000
1669,16.690037,5885.186573231,5885.186573231,8225,11515000,0.000000
1670,16.700069,5885.196605182,5885.196605182,8230,11522000,0.000000
1671,16.710068,5885.206604498,5885.206604498,8235,11529000,0.000000
1672,16.720067,5885.216603178,5885.216603178,8240,11536000,0.000000
1673,16.730068,5885.226603991,5885.226603991,8245,11543000,0.000000
1674,16.740067,5885.236603035,5885.236603035,8250,11550000,0.000000
1675,16.750068,5885.246604403,5885.246604403,8255,11557000,0.000000
1676,16.760046,5885.256581872,5885.256581872,8260,11564000,0.000000
1677,16.770065,5885.266601162,5885.266601162,8265,11571000,0.000000
1678,16.780072,5885.276607838,5885.276607838,8270,11578000,0.000000
1679,16.790063,5885.286598955,5885.286598955,8275,11585000,0.000000
1680,16.800081,5885.296616644,5885.296616644,8280,11592000,0.000000
1681,16.810072,5885.306607638,5885.306607638,8284,11597600,0.000000
1682,16.820074,5885.316610230,5885.316610230,8289,11604600,0.000000
1683,16.830041,5885.326576882,5885.326576882,8294,11611600,0.000000
1684,16.840090,5885.336626562,5885.336626562,8299,11618600,0.000000
1685,16.850070,5885.346605869,5885.346605869,8304,11625600,0.000000
1686,16.860069,5885.356605017,5885.356605017,8309,11632600,0.000000
1687,16.870067,5885.366603388,5885.366603388,8314,11639600,0.000000
1688,16.880066,5885.376602265,5885.376602265,8319,11646600,0.000000
1689,16.890073,5885.386608670,5885.386608670,8324,11653600,0.000000
1690,16.900033,5885.396569526,5885.396569526,8329,11660600,0.000000
1691,16.910065,5885.406601443,5885.406601443,8334,11667600,0.000000
1692,16.920062,5885.416598083,5885.416598083,8339,11674600,0.000000
1693,16.930032,5885.426568242,5885.426568242,8344,11681600,0.000000
1694,16.940078,5885.436613802,5885.436613802,8349,11688600,0.000000
1695,16.950071,5885.446606935,5885.446606935,8353,11694200,0.000000
1696,16.960067,5885.456603101,5885.456603101,8358,11701200,0.000000
1697,16.970064,5885.466599644,5885.466599644,8363,11708200,0.000000
1698,16.980072,5885.476608411,5885.476608411,8368,11715200,0.000000
1699,16.990077,5885.486612882,5885.486612882,8373,11722200,0.000000
1700,17.000082,5885.496618548,5885.496618548,8378,11729200,0.000000
1701,17.010068,5885.506603698,5885.506603698,8383,11736200,0.000000
1702,17.020063,5885.516599468,5885.516599468,8388,11743200,0.000000
1703,17.030040,5885.526576319,5885.526576319,8393,11750200,0.000000
1704,17.040066,5885.536602031,5885.536602031,8398,11757200,0.000000
1705,17.050059,5885.546595562,5885.546595562,8403,11764200,0.000000
1706,17.060071,5885.556607385,5885.556607385,8408,11771200,0.000000
1707,17.070058,5885.566593862,5885.566593862,8413,11778200,0.000000
1708,17.080112,5885.576647941,5885.576647941,8418,11785200,0.000000
1709,17.090067,5885.586603526,5885.586603526,8422,11790800,0.000000
1710,17.100040,5885.596575664,5885.596575664,8427,11797800,0.000000
1711,17.110068,5885.606604112,5885.606604112,8432,11804800,0.000000
1712,17.120072,5885.616607888,5885.616607888,8437,11811800,0.000000
1713,17.130070,5885.626605848,5885.626605848,8442,11818800,0.000000
1714,17.140069,5885.636605470,5885.636605470,8447,11825800,0.000000
1715,17.150066,5885.646602180,5885.646602180,8452,11832800,0.000000
1716,17.160068,5885.656604169,5885.656604169,8457,11839800,0.000000
1717,17.170064,5885.666600041,5885.666600041,8462,11846800,0.000000
1718,17.180063,5885.676599603,5885.676599603,8467,11853800,0.000000
1719,17.190066,5885.686601836,5885.686601836,8472,11860800,0.000000
1720,17.200062,5885.696598265,5885.696598265,8477,11867800,0.000000
1721,17.210050,5885.706586455,5885.706586455,8482,11874800,0.000000
1722,17.220075,5885.716610703,5885.716610703,8487,11881800,0.000000
1723,17.230064,5885.726600593,5885.726600593,8491,11887400,0.000000
1724,17.240068,5885.736604420,5885.736604420,8496,11894400,0.000000
1725,17.250054,5885.746589723,5885.746589723,8501,11901400,0.000000
1726,17.260071,5885.756606629,5885.756606629,8506,11908400,0.000000
1727,17.270067,5885.766603111,5885.766603111,8511,11915400,0.000000
1728,17.280067,5885.776603186,5885.776603186,8516,11922400,0.000000
1729,17.290072,5885.786608204,5885.786608204,8521,11929400,0.000000
1730,17.300064,5885.796600427,5885.796600427,8526,11936400,0.000000
1731,17.310066,5885.806601626,5885.806601626,8531,11943400,0.000000
1732,17.320067,5885.816602858,5885.816602858,8536,11950400,0.000000
1733,17.330069,5885.826605581,5885.826605581,8541,11957400,0.000000
1734,17.340071,5885.836607042,5885.836607042,8546,11964400,0.000000
1735,17.350046,5885.846582320,5885.846582320,8551,11971400,0.000000
1736,17.360032,5885.856568510,5885.856568510,8556,11978400,0.000000
1737,17.370067,5885.866602746,5885.866602746,8560,11984000,0.000000
1738,17.380068,5885.876603761,5885.876603761,8565,11991000,0.000000
1739,17.390073,5885.886609060,5885.886609060,8570,11998000,0.000000
1740,17.400069,5885.896605034,5885.896605034,8575,12005000,0.000000
1741,17.410066,5885.906602462,5885.906602462,8580,12012000,0.000000
1742,17.420066,5885.916602307,5885.916602307,8585,12019000,0.000000
1743,17.430064,5885.926600511,5885.926600511,8590,12026000,0.000000
1744,17.440065,5885.936600975,5885.936600975,8595,12033000,0.000000
1745,17.450064,5885.946599747,5885.946599747,8600,12040000,0.000000
1746,17.460065,5885.956600793,5885.956600793,8605,12047000,0.000000
1747,17.470063,5885.966598818,5885.966598818,8610,12054000,0.000000
1748,17.480067,5885.976603109,5885.976603109,8615,12061000,0.000000
1749,17.490048,5885.986583880,5885.986583880,8620,12068000,0.000000
1750,17.500075,5885.996611537,5885.996611537,8625,12075000,0.000000
1751,17.510066,5886.006601898,5886.006601898,8629,12080600,0.000000
1752,17.520069,5886.016605361,5886.016605361,8634,12087600,0.000000
1753,17.530061,5886.026596964,5886.026596964,8639,12094600,0.000000
1754,17.540067,5886.036602681,5886.036602681,8644,12101600,0.000000
1755,17.550061,5886.046596894,5886.046596894,8649,12108600,0.000000
1756,17.560066,5886.056602099,5886.056602099,8654,12115600,0.000000
1757,17.570063,5886.066598757,5886.066598757,8659,12122600,0.000000
1758,17.580066,5886.076602181,5886.076602181,8664,12129600,0.000000
1759,17.590031,5886.086567456,5886.086567456,8669,12136600,0.000000
1760,17.600063,5886.096599529,5886.096599529,8674,12143600,0.000000
1761,17.610062,5886.106598211,5886.106598211,8679,12150600,0.000000
1762,17.620070,5886.116605708,5886.116605708,8684,12157600,0.000000
1763,17.630041,5886.126576688,5886.126576688,8689,12164600,0.000000
1764,17.640086,5886.136621817,5886.136621817,8694,12171600,0.000000
1765,17.650069,5886.146604969,5886.146604969,8698,12177200,0.000000
1766,17.660066,5886.156602382,5886.156602382,8703,12184200,0.000000
1767,17.670023,5886.166558912,5886.166558912,8708,12191200,0.000000
1768,17.680067,5886.176603385,5886.176603385,8713,12198200,0.000000
1769,17.690070,5886.186606552,5886.186606552,8718,12205200,0.000000
1770,17.700070,5886.196605785,5886.196605785,8723,12212200,0.000000
1771,17.710068,5886.206604234,5886.206604234,8728,12219200,0.000000
1772,17.720065,5886.216601418,5886.216601418,8733,12226200,0.000000
1773,17.730040,5886.226575962,5886.226575962,8738,12233200,0.000000
1774,17.740063,5886.236599413,5886.236599413,8743,12240200,0.000000
1775,17.750065,5886.246600907,5886.246600907,8748,12247200,0.000000
1776,17.760063,5886.256598759,5886.256598759,8753,12254200,0.000000
1777,17.770057,5886.266592951,5886.266592951,8758,12261200,0.000000
1778,17.780084,5886.276620043,5886.276620043,8763,12268200,0.000000
1779,17.790068,5886.286604391,5886.286604391,8767,12273800,0.000000
1780,17.800078,5886.296614143,5886.296614143,8772,12280800,0.000000
1781,17.810067,5886.306603161,5886.306603161,8777,12287800,0.000000
1782,17.820069,5886.316604991,5886.316604991,8782,12294800,0.000000
1783,17.830071,5886.326607435,5886.326607435,8787,12301800,0.000000
1784,17.840078,5886.336614054,5886.336614054,8792,12308800,0.000000
1785,17.850069,5886.346604745,5886.346604745,8797,12315800,0.000000
1786,17.860067,5886.356603324,5886.356603324,8802,12322800,0.000000
1787,17.870067,5886.366603319,5886.366603319,8807,12329800,0.000000
1788,17.880069,5886.376605347,5886.376605347,8812,12336800,0.000000
1789,17.890066,5886.386601707,5886.386601707,8817,12343800,0.000000
1790,17.900068,5886.396603929,5886.396603929,8822,12350800,0.000000
1791,17.910050,5886.406586092,5886.406586092,8827,12357800,0.000000
1792,17.920087,5886.416623125,5886.416623125,8832,12364800,0.000000
1793,17.930083,5886.426619043,5886.426619043,8836,12370400,0.000000
1794,17.940069,5886.436605334,5886.436605334,8841,12377400,0.000000
1795,17.950068,5886.446603774,5886.446603774,8846,12384400,0.000000
1796,17.960066,5886.456602316,5886.456602316,8851,12391400,0.000000
1797,17.970065,5886.466601371,5886.466601371,8856,12398400,0.000000
1798,17.980076,5886.476612106,5886.476612106,8861,12405400,0.000000
1799,17.990069,5886.486605561,5886.486605561,8866,12412400,0.000000
1800,18.000070,5886.496606328,5886.496606328,8871,12419400,0.000000
1801,18.010075,5886.506611297,5886.506611297,8876,12426400,0.000000
1802,18.020031,5886.516567579,5886.516567579,8881,12433400,0.000000
1803,18.030089,5886.526625089,5886.526625089,8886,12440400,0.000000
1804,18.040066,5886.536601985,5886.536601985,8891,12447400,0.000000
1805,18.050041,5886.546577077,5886.546577077,8896,12454400,0.000000
1806,18.060075,5886.556611486,5886.556611486,8901,12461400,0.000000
1807,18.070065,5886.566601314,5886.566601314,8905,12467000,0.000000
1808,18.080037,5886.576573413,5886.576573413,8910,12474000,0.000000
1809,18.090065,5886.586600894,5886.586600894,8915,12481000,0.000000
1810,18.100017,5886.596552946,5886.596552946,8920,12488000,0.000000
1811,18.110071,5886.606606673,5886.606606673,8925,12495000,0.000000
1812,18.120068,5886.616603894,5886.616603894,8930,12502000,0.000000
1813,18.130066,5886.626602283,5886.626602283,8935,12509000,0.000000
1814,18.140066,5886.636601893,5886.636601893,8940,12516000,0.000000
1815,18.150038,5886.646574162,5886.646574162,8945,12523000,0.000000
1816,18.160066,5886.656602389,5886.656602389,8950,12530000,0.000000
1817,18.170067,5886.666603337,5886.666603337,8955,12537000,0.000000
1818,18.180067,5886.676602720,5886.676602720,8960,12544000,0.000000
1819,18.190049,5886.686584680,5886.686584680,8965,12551000,0.000000
1820,18.200075,5886.696611141,5886.696611141,8970,12558000,0.000000
1821,18.210071,5886.706606774,5886.706606774,8974,12563600,0.000000
1822,18.220029,5886.716565543,5886.716565543,8979,12570600,0.000000
1823,18.230070,5886.726606200,5886.726606200,8984,12577600,0.000000
1824,18.240069,5886.736605611,5886.736605611,8989,12584600,0.000000
1825,18.250074,5886.746609696,5886.746609696,8994,12591600,0.000000
1826,18.260063,5886.756599433,5886.756599433,8999,12598600,0.000000
1827,18.270065,5886.766601313,5886.766601313,9004,12605600,0.000000
1828,18.280067,5886.776603067,5886.776603067,9009,12612600,0.000000
1829,18.290064,5886.786600038,5886.786600038,9014,12619600,0.000000
1830,18.300063,5886.796599293,5886.796599293,9019,12626600,0.000000
1831,18.310065,5886.806601612,5886.806601612,9024,12633600,0.000000
1832,18.320064,5886.816600229,5886.816600229,9029,12640600,0.000000
1833,18.330053,5886.826589105,5886.826589105,9034,12647600,0.000000
1834,18.340079,5886.836614647,5886.836614647,9039,12654600,0.000000
1835,18.350068,5886.846604025,5886.846604025,9043,12660200,0.000000
1836,18.360020,5886.856556127,5886.856556127,9048,12667200,0.000000
1837,18.370035,5886.866570925,5886.866570925,9053,12674200,0.000000
1838,18.380066,5886.876602283,5886.876602283,9058,12681200,0.000000
1839,18.390075,5886.886610919,5886.886610919,9063,12688200,0.000000
1840,18.400065,5886.896601239,5886.896601239,9068,12695200,0.000000
1841,18.410064,5886.906600390,5886.906600390,9073,12702200,0.000000
1842,18.420067,5886.916603309,5886.916603309,9078,12709200,0.000000
1843,18.430030,5886.926566063,5886.926566063,9083,12716200,0.000000
1844,18.440064,5886.936600555,5886.936600555,9088,12723200,0.000000
1845,18.450063,5886.946598812,5886.946598812,9093,12730200,0.000000
1846,18.460070,5886.956605839,5886.956605839,9098,12737200,0.000000
1847,18.470043,5886.966579122,5886.966579122,9103,12744200,0.000000
1848,18.480076,5886.976611813,5886.976611813,9108,12751200,0.000000
1849,18.490068,5886.986603689,5886.986603689,9112,12756800,0.000000
1850,18.500086,5886.996621654,5886.996621654,9117,12763800,0.000000
1851,18.510064,5887.006599754,5887.006599754,9122,12770800,0.000000
1852,18.520077,5887.016612757,5887.016612757,9127,12777800,0.000000
1853,18.530069,5887.026604966,5887.026604966,9132,12784800,0.000000
1854,18.540064,5887.036600209,5887.036600209,9137,12791800,0.000000
1855,18.550066,5887.046601758,5887.046601758,9142,12798800,0.000000
1856,18.560064,5887.056599692,5887.056599692,9147,12805800,0.000000
1857,18.570027,5887.066563289,5887.066563289,9152,12812800,0.000000
1858,18.580063,5887.076598645,5887.076598645,9157,12819800,0.000000
1859,18.590063,5887.086599497,5887.086599497,9162,12826800,0.000000
1860,18.600064,5887.096600033,5887.096600033,9167,12833800,0.000000
1861,18.610042,5887.106577670,5887.106577670,9172,12840800,0.000000
1862,18.620077,5887.116612661,5887.116612661,9177,12847800,0.000000
1863,18.630067,5887.126603336,5887.126603336,9181,12853400,0.000000
1864,18.640032,5887.136567945,5887.136567945,9186,12860400,0.000000
1865,18.650068,5887.146604274,5887.146604274,9191,12867400,0.000000
1866,18.660070,5887.156606268,5887.156606268,9196,12874400,0.000000
1867,18.670066,5887.166602124,5887.166602124,9201,12881400,0.000000
1868,18.680059,5887.176594909,5887.176594909,9206,12888400,0.000000
1869,18.690066,5887.186601760,5887.186601760,9211,12895400,0.000000
1870,18.700064,5887.196599991,5887.196599991,9216,12902400,0.000000
1871,18.710062,5887.206598439,5887.206598439,9221,12909400,0.000000
1872,18.720063,5887.216598683,5887.216598683,9226,12916400,0.000000
1873,18.730068,5887.226604063,5887.226604063,9231,12923400,0.000000
1874,18.740065,5887.236600883,5887.236600883,9236,12930400,0.000000
1875,18.750040,5887.246576261,5887.246576261,9241,12937400,0.000000
1876,18.760076,5887.256612467,5887.256612467,9246,12944400,0.000000
1877,18.770069,5887.266605335,5887.266605335,9250,12950000,0.000000
1878,18.780017,5887.276552673,5887.276552673,9255,12957000,0.000000
1879,18.790064,5887.286600319,5887.286600319,9260,12964000,0.000000
1880,18.800064,5887.296600257,5887.296600257,9265,12971000,0.000000
1881,18.810068,5887.306604101,5887.306604101,9270,12978000,0.000000
1882,18.820075,5887.316610656,5887.316610656,9275,12985000,0.000000
1883,18.830070,5887.326606386,5887.326606386,9280,12992000,0.000000
1884,18.840069,5887.336605116,5887.336605116,9285,12999000,0.000000
1885,18.850069,5887.346604711,5887.346604711,9290,13006000,0.000000
1886,18.860027,5887.356563377,5887.356563377,9295,13013000,0.000000
1887,18.870063,5887.366599004,5887.366599004,9300,13020000,0.000000
1888,18.880067,5887.376602662,5887.376602662,9305,13027000,0.000000
1889,18.890061,5887.386597596,5887.386597596,9310,13034000,0.000000
1890,18.900081,5887.396617433,5887.396617433,9315,13041000,0.000000
1891,18.910071,5887.406607178,5887.406607178,9319,13046600,0.000000
1892,18.920011,5887.416547296,5887.416547296,9324,13053600,0.000000
1893,18.930063,5887.426599553,5887.426599553,9329,13060600,0.000000
1894,18.940065,5887.436600834,5887.436600834,9334,13067600,0.000000
1895,18.950062,5887.446598572,5887.446598572,9339,13074600,0.000000
1896,18.960066,5887.456602502,5887.456602502,9344,13081600,0.000000
1897,18.970066,5887.466602296,5887.466602296,9349,13088600,0.000000
1898,18.980065,5887.476600951,5887.476600951,9354,13095600,0.000000
1899,18.990063,5887.486598956,5887.486598956,9359,13102600,0.000000
1900,19.000067,5887.496602961,5887.496602961,9364,13109600,0.000000
1901,19.010062,5887.506598481,5887.506598481,9369,13116600,0.000000
1902,19.020077,5887.516613111,5887.516613111,9374,13123600,0.000000
1903,19.030057,5887.526593534,5887.526593534,9379,13130600,0.000000
1904,19.040077,5887.536612720,5887.536612720,9384,13137600,0.000000
1905,19.050074,5887.546609752,5887.546609752,9388,13143200,0.000000
1906,19.060077,5887.556613401,5887.556613401,9393,13150200,0.000000
1907,19.070065,5887.566601240,5887.566601240,9398,13157200,0.000000
1908,19.080079,5887.576615017,5887.576615017,9403,13164200,0.000000
1909,19.090065,5887.586601315,5887.586601315,9408,13171200,0.000000
1910,19.100066,5887.596602206,5887.596602206,9413,13178200,0.000000
1911,19.110096,5887.606632234,5887.606632234,9418,13185200,0.000000
1912,19.120072,5887.616607712,5887.616607712,9423,13192200,0.000000
1913,19.130066,5887.626602216,5887.626602216,9428,13199200,0.000000
1914,19.140066,5887.636601985,5887.636601985,9433,13206200,0.000000
1915,19.150067,5887.646602911,5887.646602911,9438,13213200,0.000000
1916,19.160065,5887.656601308,5887.656601308,9443,13220200,0.000000
1917,19.170049,5887.666585479,5887.666585479,9448,13227200,0.000000
1918,19.180089,5887.676625401,5887.676625401,9453,13234200,0.000000
1919,19.190071,5887.686606847,5887.686606847,9457,13239800,0.000000
1920,19.200061,5887.696597464,5887.696597464,9462,13246800,0.000000
1921,19.210071,5887.706607535,5887.706607535,9467,13253800,0.000000
1922,19.220067,5887.716602833,5887.716602833,9472,13260800,0.000000
1923,19.230080,5887.726616011,5887.726616011,9477,13267800,0.000000
1924,19.240083,5887.736619271,5887.736619271,9482,13274800,0.000000
1925,19.250073,5887.746608736,5887.746608736,9487,13281800,0.000000
1926,19.260066,5887.756602199,5887.756602199,9492,13288800,0.000000
1927,19.270063,5887.766599424,5887.766599424,9497,13295800,0.000000
1928,19.280063,5887.776599188,5887.776599188,9502,13302800,0.000000
1929,19.290063,5887.786598890,5887.786598890,9507,13309800,0.000000
1930,19.300063,5887.796599363,5887.796599363,9512,13316800,0.000000
1931,19.310049,5887.806585255,5887.806585255,9517,13323800,0.000000
1932,19.320095,5887.816631299,5887.816631299,9522,13330800,0.000000
1933,19.330069,5887.826605203,5887.826605203,9526,13336400,0.000000
1934,19.340064,5887.836600218,5887.836600218,9531,13343400,0.000000
1935,19.350069,5887.846604741,5887.846604741,9536,13350400,0.000000
1936,19.360071,5887.856606712,5887.856606712,9541,13357400,0.000000
1937,19.370070,5887.866605843,5887.866605843,9546,13364400,0.000000
1938,19.380096,5887.876632090,5887.876632090,9551,13371400,0.000000
1939,19.390066,5887.886602316,5887.886602316,9556,13378400,0.000000
1940,19.400073,5887.896608815,5887.896608815,9561,13385400,0.000000
1941,19.410068,5887.906604502,5887.906604502,9566,13392400,0.000000
1942,19.420065,5887.916601118,5887.916601118,9571,13399400,0.000000
1943,19.430088,5887.926624337,5887.926624337,9576,13406400,0.000000
1944,19.440064,5887.936600330,5887.936600330,9581,13413400,0.000000
1945,19.450063,5887.946598710,5887.946598710,9586,13420400,0.000000
1946,19.460080,5887.956616262,5887.956616262,9591,13427400,0.000000
1947,19.470069,5887.966604843,5887.966604843,9595,13433000,0.000000
1948,19.480067,5887.976603075,5887.976603075,9600,13440000,0.000000
1949,19.490069,5887.986605532,5887.986605532,9605,13447000,0.000000
1950,19.500065,5887.996601530,5887.996601530,9610,13454000,0.000000
1951,19.510079,5888.006615585,5888.006615585,9615,13461000,0.000000
1952,19.520070,5888.016605673,5888.016605673,9620,13468000,0.000000
1953,19.530086,5888.026622489,5888.026622489,9625,13475000,0.000000
1954,19.540117,5888.036653193,5888.036653193,9630,13482000,0.000000
1955,19.550059,5888.046595082,5888.046595082,9635,13489000,0.000000
1956,19.560063,5888.056599330,5888.056599330,9640,13496000,0.000000
1957,19.570062,5888.066598443,5888.066598443,9645,13503000,0.000000
1958,19.580062,5888.076598571,5888.076598571,9650,13510000,0.000000
1959,19.590048,5888.086583913,5888.086583913,9655,13517000,0.000000
1960,19.600081,5888.096616638,5888.096616638,9660,13524000,0.000000
1961,19.610068,5888.106603991,5888.106603991,9664,13529600,0.000000
1962,19.620039,5888.116575617,5888.116575617,9669,13536600,0.000000
1963,19.630062,5888.126598104,5888.126598104,9674,13543600,0.000000
1964,19.640069,5888.136605155,5888.136605155,9679,13550600,0.000000
1965,19.650071,5888.146606868,5888.146606868,9684,13557600,0.000000
1966,19.660074,5888.156609645,5888.156609645,9689,13564600,0.000000
1967,19.670065,5888.166600823,5888.166600823,9694,13571600,0.000000
1968,19.680083,5888.176619192,5888.176619192,9699,13578600,0.000000
1969,19.690072,5888.186608364,5888.186608364,9704,13585600,0.000000
1970,19.700063,5888.196599154,5888.196599154,9709,13592600,0.000000
1971,19.710065,5888.206601405,5888.206601405,9714,13599600,0.000000
1972,19.720064,5888.216600085,5888.216600085,9719,13606600,0.000000
1973,19.730045,5888.226581494,5888.226581494,9724,13613600,0.000000
1974,19.740079,5888.236615139,5888.236615139,9729,13620600,0.000000
1975,19.750066,5888.246602574,5888.246602574,9733,13626200,0.000000
1976,19.760036,5888.256572362,5888.256572362,9738,13633200,0.000000
1977,19.770073,5888.266608621,5888.266608621,9743,13640200,0.000000
1978,19.780069,5888.276605093,5888.276605093,9748,13647200,0.000000
1979,19.790071,5888.286607058,5888.286607058,9753,13654200,0.000000
1980,19.800069,5888.296604635,5888.296604635,9758,13661200,0.000000
1981,19.810066,5888.306602024,5888.306602024,9763,13668200,0.000000
1982,19.820074,5888.316609857,5888.316609857,9768,13675200,0.000000
1983,19.830049,5888.326584996,5888.326584996,9773,13682200,0.000000
1984,19.840089,5888.336625287,5888.336625287,9778,13689200,0.000000
1985,19.850062,5888.346598429,5888.346598429,9783,13696200,0.000000
1986,19.860062,5888.356598573,5888.356598573,9788,13703200,0.000000
1987,19.870048,5888.366584089,5888.366584089,9793,13710200,0.000000
1988,19.880072,5888.376607997,5888.376607997,9798,13717200,0.000000
1989,19.890067,5888.386603056,5888.386603056,9802,13722800,0.000000
1990,19.900050,5888.396586113,5888.396586113,9807,13729800,0.000000
1991,19.910068,5888.406603857,5888.406603857,9812,13736800,0.000000
1992,19.920027,5888.416563069,5888.416563069,9817,13743800,0.000000
1993,19.930067,5888.426603373,5888.426603373,9822,13750800,0.000000
1994,19.940064,5888.436600125,5888.436600125,9827,13757800,0.000000
1995,19.950067,5888.446603575,5888.446603575,9832,13764800,0.000000
1996,19.960059,5888.456594859,5888.456594859,9837,13771800,0.000000
1997,19.970064,5888.466600320,5888.466600320,9842,13778800,0.000000
1998,19.980065,5888.476601360,5888.476601360,9847,13785800,0.000000
1999,19.990063,5888.486599192,5888.486599192,9852,13792800,0.000000
2000,20.000059,5888.496595536,5888.496595536,9857,13799800,0.000000
2001,20.010018,5888.506554570,5888.506554570,9862,13806800,0.000000
2002,20.020071,5888.516607212,5888.516607212,9867,13813800,0.000000
2003,20.030060,5888.526596173,5888.526596173,9871,13819400,0.000000
2004,20.040061,5888.536596811,5888.536596811,9876,13826400,0.000000
2005,20.050065,5888.546601568,5888.546601568,9881,13833400,0.000000
2006,20.060099,5888.556635202,5888.556635202,9886,13840400,0.000000
2007,20.070082,5888.566618249,5888.566618249,9891,13847400,0.000000
2008,20.080024,5888.576560612,5888.576560612,9896,13854400,0.000000
2009,20.090074,5888.586609748,5888.586609748,9901,13861400,0.000000
2010,20.100083,5888.596619123,5888.596619123,9906,13868400,0.000000
2011,20.110059,5888.606595562,5888.606595562,9911,13875400,0.000000
2012,20.120066,5888.616602514,5888.616602514,9916,13882400,0.000000
2013,20.130065,5888.626600848,5888.626600848,9921,13889400,0.000000
2014,20.140068,5888.636603880,5888.636603880,9926,13896400,0.000000
2015,20.150072,5888.646607618,5888.646607618,9931,13903400,0.000000
2016,20.160099,5888.656635421,5888.656635421,9936,13910400,0.000000
2017,20.170080,5888.666616128,5888.666616128,9940,13916000,0.000000
2018,20.180078,5888.676614261,5888.676614261,9945,13923000,0.000000
2019,20.190075,5888.686611265,5888.686611265,9950,13930000,0.000000
2020,20.200087,5888.696623597,5888.696623597,9955,13937000,0.000000
2021,20.210082,5888.706618146,5888.706618146,9960,13944000,0.000000
2022,20.220071,5888.716607401,5888.716607401,9965,13951000,0.000000
2023,20.230096,5888.726632086,5888.726632086,9970,13958000,0.000000
2024,20.240065,5888.736600638,5888.736600638,9975,13965000,0.000000
2025,20.250068,5888.746604292,5888.746604292,9980,13972000,0.000000
2026,20.260066,5888.756602150,5888.756602150,9985,13979000,0.000000
2027,20.270065,5888.766600649,5888.766600649,9990,13986000,0.000000
2028,20.280058,5888.776593982,5888.776593982,9995,13993000,0.000000
2029,20.290045,5888.786581254,5888.786581254,10000,14000000,0.000000
2030,20.300075,5888.796611388,5888.796611388,10005,14007000,0.000000
2031,20.310069,5888.806605004,5888.806605004,10009,14012600,0.000000
2032,20.320070,5888.816606169,5888.816606169,10014,14019600,0.000000
2033,20.330071,5888.826606642,5888.826606642,10019,14026600,0.000000
2034,20.340070,5888.836606291,5888.836606291,10024,14033600,0.000000
2035,20.350063,5888.846599282,5888.846599282,10029,14040600,0.000000
2036,20.360065,5888.856601459,5888.856601459,10034,14047600,0.000000
2037,20.370065,5888.866601059,5888.866601059,10039,14054600,0.000000
2038,20.380064,5888.876600616,5888.876600616,10044,14061600,0.000000
2039,20.390070,5888.886606098,5888.886606098,10049,14068600,0.000000
2040,20.400063,5888.896598813,5888.896598813,10054,14075600,0.000000
2041,20.410028,5888.906563954,5888.906563954,10059,14082600,0.000000
2042,20.420073,5888.916608981,5888.916608981,10064,14089600,0.000000
2043,20.430049,5888.926585296,5888.926585296,10069,14096600,0.000000
2044,20.440099,5888.936634730,5888.936634730,10074,14103600,0.000000
2045,20.450082,5888.946617743,5888.946617743,10078,14109200,0.000000
2046,20.460088,5888.956623967,5888.956623967,10083,14116200,0.000000
2047,20.470064,5888.966600582,5888.966600582,10088,14123200,0.000000
2048,20.480066,5888.976602329,5888.976602329,10093,14130200,0.000000
2049,20.490069,5888.986605284,5888.986605284,10098,14137200,0.000000
2050,20.500064,5888.996599807,5888.996599807,10103,14144200,0.000000
2051,20.510068,5889.006603831,5889.006603831,10108,14151200,0.000000
2052,20.520067,5889.016603328,5889.016603328,10113,14158200,0.000000
2053,20.530081,5889.026616988,5889.026616988,10118,14165200,0.000000
2054,20.540070,5889.036606582,5889.036606582,10123,14172200,0.000000
2055,20.550066,5889.046602139,5889.046602139,10128,14179200,0.000000
2056,20.560062,5889.056597961,5889.056597961,10133,14186200,0.000000
2057,20.570047,5889.066583296,5889.066583296,10138,14193200,0.000000
2058,20.580089,5889.076625513,5889.076625513,10143,14200200,0.000000
2059,20.590068,5889.086604005,5889.086604005,10147,14205800,0.000000
2060,20.600070,5889.096606091,5889.096606091,10152,14212800,0.000000
2061,20.610030,5889.106566160,5889.106566160,10157,14219800,0.000000
2062,20.620071,5889.116607096,5889.116607096,10162,14226800,0.000000
2063,20.630068,5889.126604615,5889.126604615,10167,14233800,0.000000
2064,20.640067,5889.136603576,5889.136603576,10172,14240800,0.000000
2065,20.650071,5889.146607272,5889.146607272,10177,14247800,0.000000
2066,20.660066,5889.156602529,5889.156602529,10182,14254800,0.000000
2067,20.670065,5889.166601375,5889.166601375,10187,14261800,0.000000
2068,20.680059,5889.176595518,5889.176595518,10192,14268800,0.000000
2069,20.690063,5889.186599148,5889.186599148,10197,14275800,0.000000
2070,20.700029,5889.196565242,5889.196565242,10202,14282800,0.000000
2071,20.710046,5889.206581914,5889.206581914,10207,14289800,0.000000
2072,20.720068,5889.216604309,5889.216604309,10212,14296800,0.000000
2073,20.730069,5889.226605305,5889.226605305,10216,14302400,0.000000
2074,20.740071,5889.236607035,5889.236607035,10221,14309400,0.000000
2075,20.750070,5889.246605733,5889.246605733,10226,14316400,0.000000
2076,20.760069,5889.256605034,5889.256605034,10231,14323400,0.000000
2077,20.770067,5889.266602786,5889.266602786,10236,14330400,0.000000
2078,20.780065,5889.276601206,5889.276601206,10241,14337400,0.000000
2079,20.790065,5889.286601272,5889.286601272,10246,14344400,0.000000
2080,20.800079,5889.296615572,5889.296615572,10251,14351400,0.000000
2081,20.810074,5889.306610091,5889.306610091,10256,14358400,0.000000
2082,20.820065,5889.316601024,5889.316601024,10261,14365400,0.000000
2083,20.830069,5889.326605448,5889.326605448,10266,14372400,0.000000
2084,20.840061,5889.336597532,5889.336597532,10271,14379400,0.000000
2085,20.850083,5889.346619077,5889.346619077,10276,14386400,0.000000
2086,20.860075,5889.356610982,5889.356610982,10281,14393400,0.000000
2087,20.870069,5889.366605201,5889.366605201,10285,14399000,0.000000
2088,20.880069,5889.376605514,5889.376605514,10290,14406000,0.000000
2089,20.890064,5889.386600576,5889.386600576,10295,14413000,0.000000
2090,20.900065,5889.396601453,5889.396601453,10300,14420000,0.000000
2091,20.910069,5889.406605121,5889.406605121,10305,14427000,0.000000
2092,20.920073,5889.416609039,5889.416609039,10310,14434000,0.000000
2093,20.930067,5889.426603365,5889.426603365,10315,14441000,0.000000
2094,20.940082,5889.436618168,5889.436618168,10320,14448000,0.000000
2095,20.950079,5889.446615174,5889.446615174,10325,14455000,0.000000
2096,20.960076,5889.456611773,5889.456611773,10330,14462000,0.000000
2097,20.970035,5889.466571299,5889.466571299,10335,14469000,0.000000
2098,20.980065,5889.476601254,5889.476601254,10340,14476000,0.000000
2099,20.990024,5889.486560423,5889.486560423,10345,14483000,0.000000
2100,21.000074,5889.496609640,5889.496609640,10350,14490000,0.000000
2101,21.010067,5889.506603186,5889.506603186,10354,14495600,0.000000
2102,21.020068,5889.516604488,5889.516604488,10359,14502600,0.000000
2103,21.030063,5889.526599277,5889.526599277,10364,14509600,0.000000
2104,21.040064,5889.536600102,5889.536600102,10369,14516600,0.000000
2105,21.050065,5889.546600941,5889.546600941,10374,14523600,0.000000
2106,21.060069,5889.556604630,5889.556604630,10379,14530600,0.000000
2107,21.070065,5889.566601240,5889.566601240,10384,14537600,0.000000
2108,21.080061,5889.576597079,5889.576597079,10389,14544600,0.000000
2109,21.090065,5889.586600917,5889.586600917,10394,14551600,0.000000
2110,21.100036,5889.596572230,5889.596572230,10399,14558600,0.000000
2111,21.110079,5889.606614646,5889.606614646,10404,14565600,0.000000
2112,21.120062,5889.616598150,5889.616598150,10409,14572600,0.000000
2113,21.130039,5889.626575544,5889.626575544,10414,14579600,0.000000
2114,21.140075,5889.636611181,5889.636611181,10419,14586600,0.000000
2115,21.150072,5889.646608216,5889.646608216,10423,14592200,0.000000
2116,21.160063,5889.656599022,5889.656599022,10428,14599200,0.000000
2117,21.170066,5889.666601902,5889.666601902,10433,14606200,0.000000
2118,21.180063,5889.676599470,5889.676599470,10438,14613200,0.000000
2119,21.190070,5889.686605767,5889.686605767,10443,14620200,0.000000
2120,21.200065,5889.696601221,5889.696601221,10448,14627200,0.000000
2121,21.210066,5889.706602104,5889.706602104,10453,14634200,0.000000
2122,21.220066,5889.716601726,5889.716601726,10458,14641200,0.000000
2123,21.230075,5889.726610644,5889.726610644,10463,14648200,0.000000
2124,21.240060,5889.736595712,5889.736595712,10468,14655200,0.000000
2125,21.250064,5889.746600350,5889.746600350,10473,14662200,0.000000
2126,21.260039,5889.756575116,5889.756575116,10478,14669200,0.000000
2127,21.270042,5889.766577994,5889.766577994,10483,14676200,0.000000
2128,21.280074,5889.776610469,5889.776610469,10488,14683200,0.000000
2129,21.290078,5889.786614032,5889.786614032,10492,14688800,0.000000
2130,21.300067,5889.796603138,5889.796603138,10497,14695800,0.000000
2131,21.310064,5889.806600351,5889.806600351,10502,14702800,0.000000
2132,21.320063,5889.816599392,5889.816599392,10507,14709800,0.000000
2133,21.330064,5889.826600444,5889.826600444,10512,14716800,0.000000
2134,21.340069,5889.836604704,5889.836604704,10517,14723800,0.000000
2135,21.350024,5889.846560482,5889.846560482,10522,14730800,0.000000
2136,21.360062,5889.856597980,5889.856597980,10527,14737800,0.000000
2137,21.370071,5889.866607571,5889.866607571,10532,14744800,0.000000
2138,21.380023,5889.876558991,5889.876558991,10537,14751800,0.000000
2139,21.390064,5889.886600326,5889.886600326,10542,14758800,0.000000
2140,21.400063,5889.896599469,5889.896599469,10547,14765800,0.000000
2141,21.410042,5889.906577806,5889.906577806,10552,14772800,0.000000
2142,21.420077,5889.916613529,5889.916613529,10557,14779800,0.000000
2143,21.430068,5889.926604178,5889.926604178,10561,14785400,0.000000
2144,21.440081,5889.936617308,5889.936617308,10566,14792400,0.000000
2145,21.450068,5889.946604298,5889.946604298,10571,14799400,0.000000
2146,21.460069,5889.956605131,5889.956605131,10576,14806400,0.000000
2147,21.470063,5889.966598988,5889.966598988,10581,14813400,0.000000
2148,21.480064,5889.976600540,5889.976600540,10586,14820400,0.000000
2149,21.490012,5889.986547878,5889.986547878,10591,14827400,0.000000
2150,21.500058,5889.996594615,5889.996594615,10596,14834400,0.000000
2151,21.510067,5890.006603523,5890.006603523,10601,14841400,0.000000
2152,21.520066,5890.016601739,5890.016601739,10606,14848400,0.000000
2153,21.530064,5890.026600001,5890.026600001,10611,14855400,0.000000
2154,21.540063,5890.036599297,5890.036599297,10616,14862400,0.000000
2155,21.550037,5890.046573438,5890.046573438,10621,14869400,0.000000
2156,21.560083,5890.056619441,5890.056619441,10626,14876400,0.000000
2157,21.570071,5890.066607156,5890.066607156,10630,14882000,0.000000
2158,21.580073,5890.076609242,5890.076609242,10635,14889000,0.000000
2159,21.590064,5890.086600437,5890.086600437,10640,14896000,0.000000
2160,21.600072,5890.096608235,5890.096608235,10645,14903000,0.000000
2161,21.610067,5890.106602773,5890.106602773,10650,14910000,0.000000
2162,21.620074,5890.116610147,5890.116610147,10655,14917000,0.000000
2163,21.630065,5890.126600841,5890.126600841,10660,14924000,0.000000
2164,21.640063,5890.136599324,5890.136599324,10665,14931000,0.000000
2165,21.650070,5890.146605700,5890.146605700,10670,14938000,0.000000
2166,21.660066,5890.156601901,5890.156601901,10675,14945000,0.000000
2167,21.670069,5890.166604804,5890.166604804,10680,14952000,0.000000
2168,21.680062,5890.176598237,5890.176598237,10685,14959000,0.000000
2169,21.690045,5890.186581109,5890.186581109,10690,14966000,0.000000
2170,21.700084,5890.196620200,5890.196620200,10695,14973000,0.000000
2171,21.710068,5890.206604255,5890.206604255,10699,14978600,0.000000
2172,21.720066,5890.216601726,5890.216601726,10704,14985600,0.000000
2173,21.730066,5890.226601760,5890.226601760,10709,14992600,0.000000
2174,21.740067,5890.236602635,5890.236602635,10714,14999600,0.000000
2175,21.750064,5890.246600385,5890.246600385,10719,15006600,0.000000
2176,21.760064,5890.256600487,5890.256600487,10724,15013600,0.000000
2177,21.770069,5890.266605053,5890.266605053,10729,15020600,0.000000
2178,21.780067,5890.276603238,5890.276603238,10734,15027600,0.000000
2179,21.790065,5890.286601015,5890.286601015,10739,15034600,0.000000
2180,21.800063,5890.296599594,5890.296599594,10744,15041600,0.000000
2181,21.810059,5890.306595200,5890.306595200,10749,15048600,0.000000
2182,21.820066,5890.316602252,5890.316602252,10754,15055600,0.000000
2183,21.830053,5890.326589570,5890.326589570,10759,15062600,0.000000
2184,21.840079,5890.336614848,5890.336614848,10764,15069600,0.000000
2185,21.850068,5890.346604167,5890.346604167,10768,15075200,0.000000
2186,21.860066,5890.356602210,5890.356602210,10773,15082200,0.000000
2187,21.870060,5890.366596473,5890.366596473,10778,15089200,0.000000
2188,21.880065,5890.376600764,5890.376600764,10783,15096200,0.000000
2189,21.890064,5890.386599756,5890.386599756,10788,15103200,0.000000
2190,21.900016,5890.396551729,5890.396551729,10793,15110200,0.000000
2191,21.910067,5890.406603276,5890.406603276,10798,15117200,0.000000
2192,21.920065,5890.416601126,5890.416601126,10803,15124200,0.000000
2193,21.930043,5890.426579264,5890.426579264,10808,15131200,0.000000
2194,21.940063,5890.436598765,5890.436598765,10813,15138200,0.000000
2195,21.950064,5890.446600059,5890.446600059,10818,15145200,0.000000
2196,21.960063,5890.456599556,5890.456599556,10823,15152200,0.000000
2197,21.970043,5890.466578620,5890.466578620,10828,15159200,0.000000
2198,21.980076,5890.476611819,5890.476611819,10833,15166200,0.000000
2199,21.990067,5890.486603534,5890.486603534,10837,15171800,0.000000
2200,22.000063,5890.496598833,5890.496598833,10842,15178800,0.000000
2201,22.010059,5890.506595106,5890.506595106,10847,15185800,0.000000
2202,22.020067,5890.516603125,5890.516603125,10852,15192800,0.000000
2203,22.030062,5890.526597632,5890.526597632,10857,15199800,0.000000
2204,22.040020,5890.536556368,5890.536556368,10862,15206800,0.000000
2205,22.050067,5890.546603194,5890.546603194,10867,15213800,0.000000
2206,22.060066,5890.556602209,5890.556602209,10872,15220800,0.000000
2207,22.070064,5890.566600453,5890.566600453,10877,15227800,0.000000
2208,22.080064,5890.576599661,5890.576599661,10882,15234800,0.000000
2209,22.090062,5890.586598152,5890.586598152,10887,15241800,0.000000
2210,22.100062,5890.596598071,5890.596598071,10892,15248800,0.000000
2211,22.110042,5890.606577921,5890.606577921,10897,15255800,0.000000
2212,22.120074,5890.616609711,5890.616609711,10902,15262800,0.000000
2213,22.130068,5890.626603974,5890.626603974,10906,15268400,0.000000
2214,22.140067,5890.636603074,5890.636603074,10911,15275400,0.000000
2215,22.150066,5890.646601804,5890.646601804,10916,15282400,0.000000
2216,22.160066,5890.656602498,5890.656602498,10921,15289400,0.000000
2217,22.170059,5890.666595604,5890.666595604,10926,15296400,0.000000
2218,22.180061,5890.676596801,5890.676596801,10931,15303400,0.000000
2219,22.190066,5890.686602088,5890.686602088,10936,15310400,0.000000
2220,22.200065,5890.696601581,5890.696601581,10941,15317400,0.000000
2221,22.210016,5890.706552504,5890.706552504,10946,15324400,0.000000
2222,22.220035,5890.716570955,5890.716570955,10951,15331400,0.000000
2223,22.230065,5890.726601119,5890.726601119,10956,15338400,0.000000
2224,22.240066,5890.736602004,5890.736602004,10961,15345400,0.000000
2225,22.250050,5890.746586372,5890.746586372,10966,15352400,0.000000
2226,22.260075,5890.756611015,5890.756611015,10971,15359400,0.000000
2227,22.270062,5890.766597660,5890.766597660,10975,15365000,0.000000
2228,22.280048,5890.776584478,5890.776584478,10980,15372000,0.000000
2229,22.290069,5890.786604911,5890.786604911,10985,15379000,0.000000
2230,22.300064,5890.796600047,5890.796600047,10990,15386000,0.000000
2231,22.310068,5890.806603842,5890.806603842,10995,15393000,0.000000
2232,22.320067,5890.816603109,5890.816603109,11000,15400000,0.000000
2233,22.330066,5890.826602373,5890.826602373,11005,15407000,0.000000
2234,22.340068,5890.836603756,5890.836603756,11010,15414000,0.000000
2235,22.350067,5890.846602845,5890.846602845,11015,15421000,0.000000
2236,22.360067,5890.856602842,5890.856602842,11020,15428000,0.000000
2237,22.370058,5890.866594481,5890.866594481,11025,15435000,0.000000
2238,22.380067,5890.876602811,5890.876602811,11030,15442000,0.000000
2239,22.390048,5890.886584602,5890.886584602,11035,15449000,0.000000
2240,22.400084,5890.896619885,5890.896619885,11040,15456000,0.000000
2241,22.410069,5890.906604961,5890.906604961,11044,15461600,0.000000
2242,22.420067,5890.916603433,5890.916603433,11049,15468600,0.000000
2243,22.430070,5890.926606158,5890.926606158,11054,15475600,0.000000
2244,22.440064,5890.936600423,5890.936600423,11059,15482600,0.000000
2245,22.450071,5890.946607473,5890.946607473,11064,15489600,0.000000
2246,22.460064,5890.956600507,5890.956600507,11069,15496600,0.000000
2247,22.470065,5890.966601253,5890.966601253,11074,15503600,0.000000
2248,22.480069,5890.976605217,5890.976605217,11079,15510600,0.000000
2249,22.490067,5890.986602818,5890.986602818,11084,15517600,0.000000
2250,22.500064,5890.996600519,5890.996600519,11089,15524600,0.000000
2251,22.510068,5891.006603649,5891.006603649,11094,15531600,0.000000
2252,22.520061,5891.016597437,5891.016597437,11099,15538600,0.000000
2253,22.530071,5891.026607337,5891.026607337,11104,15545600,0.000000
2254,22.540093,5891.036628913,5891.036628913,11109,15552600,0.000000
2255,22.550068,5891.046603704,5891.046603704,11113,15558200,0.000000
2256,22.560065,5891.056600934,5891.056600934,11118,15565200,0.000000
2257,22.570072,5891.066608369,5891.066608369,11123,15572200,0.000000
2258,22.580068,5891.076604502,5891.076604502,11128,15579200,0.000000
2259,22.590071,5891.086606697,5891.086606697,11133,15586200,0.000000
2260,22.600067,5891.096603218,5891.096603218,11138,15593200,0.000000
2261,22.610070,5891.106606555,5891.106606555,11143,15600200,0.000000
2262,22.620068,5891.116604153,5891.116604153,11148,15607200,0.000000
2263,22.630091,5891.126627089,5891.126627089,11153,15614200,0.000000
2264,22.640066,5891.136602122,5891.136602122,11158,15621200,0.000000
2265,22.650064,5891.146600213,5891.146600213,11163,15628200,0.000000
2266,22.660065,5891.156601223,5891.156601223,11168,15635200,0.000000
2267,22.670047,5891.166582945,5891.166582945,11173,15642200,0.000000
2268,22.680088,5891.176624348,5891.176624348,11178,15649200,0.000000
2269,22.690068,5891.186604437,5891.186604437,11182,15654800,0.000000
2270,22.700072,5891.196608447,5891.196608447,11187,15661800,0.000000
2271,22.710071,5891.206607400,5891.206607400,11192,15668800,0.000000
2272,22.720067,5891.216603474,5891.216603474,11197,15675800,0.000000
2273,22.730068,5891.226604476,5891.226604476,11202,15682800,0.000000
2274,22.740070,5891.236605935,5891.236605935,11207,15689800,0.000000
2275,22.750066,5891.246602306,5891.246602306,11212,15696800,0.000000
2276,22.760068,5891.256604187,5891.256604187,11217,15703800,0.000000
2277,22.770070,5891.266606079,5891.266606079,11222,15710800,0.000000
2278,22.780067,5891.276603142,5891.276603142,11227,15717800,0.000000
2279,22.790064,5891.286600389,5891.286600389,11232,15724800,0.000000
2280,22.800063,5891.296598828,5891.296598828,11237,15731800,0.000000
2281,22.810063,5891.306598625,5891.306598625,11242,15738800,0.000000
2282,22.820078,5891.316613904,5891.316613904,11247,15745800,0.000000
2283,22.830070,5891.326606407,5891.326606407,11251,15751400,0.000000
2284,22.840072,5891.336607805,5891.336607805,11256,15758400,0.000000
2285,22.850070,5891.346605672,5891.346605672,11261,15765400,0.000000
2286,22.860070,5891.356606113,5891.356606113,11266,15772400,0.000000
2287,22.870070,5891.366606374,5891.366606374,11271,15779400,0.000000
2288,22.880068,5891.376604264,5891.376604264,11276,15786400,0.000000
2289,22.890064,5891.386600097,5891.386600097,11281,15793400,0.000000
2290,22.900069,5891.396604898,5891.396604898,11286,15800400,0.000000
2291,22.910070,5891.406606193,5891.406606193,11291,15807400,0.000000
2292,22.920067,5891.416602689,5891.416602689,11296,15814400,0.000000
2293,22.930064,5891.426599639,5891.426599639,11301,15821400,0.000000
2294,22.940037,5891.436573576,5891.436573576,11306,15828400,0.000000
2295,22.950053,5891.446588774,5891.446588774,11311,15835400,0.000000
2296,22.960089,5891.456624757,5891.456624757,11316,15842400,0.000000
2297,22.970079,5891.466615471,5891.466615471,11320,15848000,0.000000
2298,22.980073,5891.476609093,5891.476609093,11325,15855000,0.000000
2299,22.990068,5891.486604041,5891.486604041,11330,15862000,0.000000
2300,23.000078,5891.496614602,5891.496614602,11335,15869000,0.000000
2301,23.010066,5891.506601721,5891.506601721,11340,15876000,0.000000
2302,23.020070,5891.516606168,5891.516606168,11345,15883000,0.000000
2303,23.030067,5891.526602698,5891.526602698,11350,15890000,0.000000
2304,23.040068,5891.536604292,5891.536604292,11355,15897000,0.000000
2305,23.050070,5891.546605727,5891.546605727,11360,15904000,0.000000
2306,23.060064,5891.556600487,5891.556600487,11365,15911000,0.000000
2307,23.070066,5891.566601947,5891.566601947,11370,15918000,0.000000
2308,23.080063,5891.576598971,5891.576598971,11375,15925000,0.000000
2309,23.090009,5891.586544643,5891.586544643,11380,15932000,0.000000
2310,23.100073,5891.596609456,5891.596609456,11385,15939000,0.000000
2311,23.110068,5891.606604450,5891.606604450,11389,15944600,0.000000
2312,23.120072,5891.616608580,5891.616608580,11394,15951600,0.000000
2313,23.130064,5891.626599792,5891.626599792,11399,15958600,0.000000
2314,23.140071,5891.636607428,5891.636607428,11404,15965600,0.000000
2315,23.150064,5891.646599728,5891.646599728,11409,15972600,0.000000
2316,23.160069,5891.656605092,5891.656605092,11414,15979600,0.000000
2317,23.170076,5891.666612295,5891.666612295,11419,15986600,0.000000
2318,23.180069,5891.676604855,5891.676604855,11424,15993600,0.000000
2319,23.190076,5891.686612437,5891.686612437,11429,16000600,0.000000
2320,23.200068,5891.696604091,5891.696604091,11434,16007600,0.000000
2321,23.210069,5891.706605370,5891.706605370,11439,16014600,0.000000
2322,23.220064,5891.716600339,5891.716600339,11444,16021600,0.000000
2323,23.230020,5891.726555923,5891.726555923,11449,16028600,0.000000
2324,23.240082,5891.736617906,5891.736617906,11454,16035600,0.000000
2325,23.250021,5891.746557455,5891.746557455,11458,16041200,0.000000
2326,23.260063,5891.756599567,5891.756599567,11463,16048200,0.000000
2327,23.270066,5891.766602463,5891.766602463,11468,16055200,0.000000
2328,23.280064,5891.776600036,5891.776600036,11473,16062200,0.000000
2329,23.290066,5891.786602102,5891.786602102,11478,16069200,0.000000
2330,23.300069,5891.796605085,5891.796605085,11483,16076200,0.000000
2331,23.310068,5891.806604357,5891.806604357,11488,16083200,0.000000
2332,23.320064,5891.816600135,5891.816600135,11493,16090200,0.000000
2333,23.330066,5891.826602055,5891.826602055,11498,16097200,0.000000
2334,23.340063,5891.836599230,5891.836599230,11503,16104200,0.000000
2335,23.350063,5891.846599003,5891.846599003,11508,16111200,0.000000
2336,23.360062,5891.856597796,5891.856597796,11513,16118200,0.000000
2337,23.370045,5891.866581207,5891.866581207,11518,16125200,0.000000
2338,23.380079,5891.876615593,5891.876615593,11523,16132200,0.000000
2339,23.390070,5891.886606203,5891.886606203,11527,16137800,0.000000
2340,23.400069,5891.896604970,5891.896604970,11532,16144800,0.000000
2341,23.410069,5891.906605413,5891.906605413,11537,16151800,0.000000
2342,23.420063,5891.916599514,5891.916599514,11542,16158800,0.000000
2343,23.430070,5891.926605641,5891.926605641,11547,16165800,0.000000
2344,23.440068,5891.936604399,5891.936604399,11552,16172800,0.000000
2345,23.450069,5891.946605197,5891.946605197,11557,16179800,0.000000
2346,23.460071,5891.956607449,5891.956607449,11562,16186800,0.000000
2347,23.470072,5891.966608116,5891.966608116,11567,16193800,0.000000
2348,23.480060,5891.976596213,5891.976596213,11572,16200800,0.000000
2349,23.490066,5891.986602340,5891.986602340,11577,16207800,0.000000
2350,23.500036,5891.996572080,5891.996572080,11582,16214800,0.000000
2351,23.510050,5892.006586501,5892.006586501,11587,16221800,0.000000
2352,23.520081,5892.016617490,5892.016617490,11592,16228800,0.000000
2353,23.530068,5892.026603788,5892.026603788,11596,16234400,0.000000
2354,23.540095,5892.036631488,5892.036631488,11601,16241400,0.000000
2355,23.550074,5892.046609638,5892.046609638,11606,16248400,0.000000
2356,23.560067,5892.056603004,5892.056603004,11611,16255400,0.000000
2357,23.570070,5892.066605904,5892.066605904,11616,16262400,0.000000
2358,23.580069,5892.076605022,5892.076605022,11621,16269400,0.000000
2359,23.590065,5892.086600700,5892.086600700,11626,16276400,0.000000
2360,23.600075,5892.096610876,5892.096610876,11631,16283400,0.000000
2361,23.610072,5892.106608164,5892.106608164,11636,16290400,0.000000
2362,23.620068,5892.116604163,5892.116604163,11641,16297400,0.000000
2363,23.630143,5892.126678730,5892.126678730,11646,16304400,0.000000
2364,23.640061,5892.136597081,5892.136597081,11651,16311400,0.000000
2365,23.650049,5892.146584712,5892.146584712,11656,16318400,0.000000
2366,23.660075,5892.156611611,5892.156611611,11661,16325400,0.000000
2367,23.670067,5892.166602697,5892.166602697,11665,16331000,0.000000
2368,23.680069,5892.176605168,5892.176605168,11670,16338000,0.000000
2369,23.690059,5892.186594903,5892.186594903,11675,16345000,0.000000
2370,23.700066,5892.196602534,5892.196602534,11680,16352000,0.000000
2371,23.710064,5892.206599970,5892.206599970,11685,16359000,0.000000
2372,23.720020,5892.216556288,5892.216556288,11690,16366000,0.000000
2373,23.730010,5892.226546177,5892.226546177,11695,16373000,0.000000
2374,23.740064,5892.236599954,5892.236599954,11700,16380000,0.000000
2375,23.750073,5892.246608760,5892.246608760,11705,16387000,0.000000
2376,23.760063,5892.256599522,5892.256599522,11710,16394000,0.000000
2377,23.770064,5892.266599726,5892.266599726,11715,16401000,0.000000
2378,23.780063,5892.276599454,5892.276599454,11720,16408000,0.000000
2379,23.790029,5892.286564649,5892.286564649,11725,16415000,0.000000
2380,23.800077,5892.296613243,5892.296613243,11730,16422000,0.000000
2381,23.810068,5892.306604478,5892.306604478,11734,16427600,0.000000
2382,23.820070,5892.316606199,5892.316606199,11739,16434600,0.000000
2383,23.830061,5892.326597280,5892.326597280,11744,16441600,0.000000
2384,23.840068,5892.336603751,5892.336603751,11749,16448600,0.000000
2385,23.850069,5892.346605199,5892.346605199,11754,16455600,0.000000
2386,23.860068,5892.356604365,5892.356604365,11759,16462600,0.000000
2387,23.870064,5892.366600467,5892.366600467,11764,16469600,0.000000
2388,23.880065,5892.376601023,5892.376601023,11769,16476600,0.000000
2389,23.890060,5892.386595939,5892.386595939,11774,16483600,0.000000
2390,23.900066,5892.396602576,5892.396602576,11779,16490600,0.000000
2391,23.910065,5892.406600951,5892.406600951,11784,16497600,0.000000
2392,23.920064,5892.416600354,5892.416600354,11789,16504600,0.000000
2393,23.930035,5892.426570915,5892.426570915,11794,16511600,0.000000
2394,23.940072,5892.436608408,5892.436608408,11799,16518600,0.000000
2395,23.950063,5892.446599106,5892.446599106,11803,16524200,0.000000
2396,23.960070,5892.456605991,5892.456605991,11808,16531200,0.000000
2397,23.970068,5892.466604505,5892.466604505,11813,16538200,0.000000
2398,23.980067,5892.476603049,5892.476603049,11818,16545200,0.000000
2399,23.990067,5892.486602993,5892.486602993,11823,16552200,0.000000
2400,24.000072,5892.496608121,5892.496608121,11828,16559200,0.000000
2401,24.010068,5892.506603716,5892.506603716,11833,16566200,0.000000
2402,24.020069,5892.516604934,5892.516604934,11838,16573200,0.000000
2403,24.030059,5892.526595056,5892.526595056,11843,16580200,0.000000
2404,24.040069,5892.536604728,5892.536604728,11848,16587200,0.000000
2405,24.050064,5892.546600102,5892.546600102,11853,16594200,0.000000
2406,24.060045,5892.556580801,5892.556580801,11858,16601200,0.000000
2407,24.070049,5892.566584651,5892.566584651,11863,16608200,0.000000
2408,24.080075,5892.576610833,5892.576610833,11868,16615200,0.000000
2409,24.090069,5892.586604657,5892.586604657,11872,16620800,0.000000
2410,24.100070,5892.596606549,5892.596606549,11877,16627800,0.000000
2411,24.110068,5892.606604119,5892.606604119,11882,16634800,0.000000
2412,24.120067,5892.616603560,5892.616603560,11887,16641800,0.000000
2413,24.130068,5892.626604464,5892.626604464,11892,16648800,0.000000
2414,24.140069,5892.636604742,5892.636604742,11897,16655800,0.000000
2415,24.150067,5892.646603411,5892.646603411,11902,16662800,0.000000
2416,24.160066,5892.656601695,5892.656601695,11907,16669800,0.000000
2417,24.170060,5892.666596244,5892.666596244,11912,16676800,0.000000
2418,24.180033,5892.676568910,5892.676568910,11917,16683800,0.000000
2419,24.190065,5892.686601155,5892.686601155,11922,16690800,0.000000
2420,24.200057,5892.696593599,5892.696593599,11927,16697800,0.000000
2421,24.210049,5892.706584970,5892.706584970,11932,16704800,0.000000
2422,24.220079,5892.716614628,5892.716614628,11937,16711800,0.000000
2423,24.230067,5892.726603146,5892.726603146,11941,16717400,0.000000
2424,24.240078,5892.736614564,5892.736614564,11946,16724400,0.000000
2425,24.250071,5892.746607195,5892.746607195,11951,16731400,0.000000
2426,24.260065,5892.756601436,5892.756601436,11956,16738400,0.000000
2427,24.270068,5892.766604102,5892.766604102,11961,16745400,0.000000
2428,24.280022,5892.776557859,5892.776557859,11966,16752400,0.000000
2429,24.290065,5892.786601534,5892.786601534,11971,16759400,0.000000
2430,24.300064,5892.796600345,5892.796600345,11976,16766400,0.000000
2431,24.310010,5892.806545883,5892.806545883,11981,16773400,0.000000
2432,24.320064,5892.816599868,5892.816599868,11986,16780400,0.000000
2433,24.330061,5892.826597353,5892.826597353,11991,16787400,0.000000
2434,24.340063,5892.836599502,5892.836599502,11996,16794400,0.000000
2435,24.350055,5892.846590680,5892.846590680,12001,16801400,0.000000
2436,24.360076,5892.856612482,5892.856612482,12006,16808400,0.000000
2437,24.370067,5892.866602826,5892.866602826,12010,16814000,0.000000
2438,24.380062,5892.876597705,5892.876597705,12015,16821000,0.000000
2439,24.390067,5892.886602774,5892.886602774,12020,16828000,0.000000
2440,24.400068,5892.896604340,5892.896604340,12025,16835000,0.000000
2441,24.410060,5892.906595913,5892.906595913,12030,16842000,0.000000
2442,24.420070,5892.916605961,5892.916605961,12035,16849000,0.000000
2443,24.430069,5892.926605179,5892.926605179,12040,16856000,0.000000
2444,24.440066,5892.936602269,5892.936602269,12045,16863000,0.000000
2445,24.450066,5892.946602323,5892.946602323,12050,16870000,0.000000
2446,24.460065,5892.956600638,5892.956600638,12055,16877000,0.000000
2447,24.470067,5892.966602894,5892.966602894,12060,16884000,0.000000
2448,24.480062,5892.976598269,5892.976598269,12065,16891000,0.000000
2449,24.490052,5892.986587940,5892.986587940,12070,16898000,0.000000
2450,24.500077,5892.996613507,5892.996613507,12075,16905000,0.000000
2451,24.510064,5893.006600369,5893.006600369,12079,16910600,0.000000
2452,24.520020,5893.016555940,5893.016555940,12084,16917600,0.000000
2453,24.530064,5893.026600275,5893.026600275,12089,16924600,0.000000
2454,24.540065,5893.036601169,5893.036601169,12094,16931600,0.000000
2455,24.550070,5893.046606415,5893.046606415,12099,16938600,0.000000
2456,24.560071,5893.056606870,5893.056606870,12104,16945600,0.000000
2457,24.570066,5893.066602282,5893.066602282,12109,16952600,0.000000
2458,24.580068,5893.076604004,5893.076604004,12114,16959600,0.000000
2459,24.590064,5893.086600220,5893.086600220,12119,16966600,0.000000
2460,24.600063,5893.096599059,5893.096599059,12124,16973600,0.000000
2461,24.610062,5893.106598156,5893.106598156,12129,16980600,0.000000
2462,24.620034,5893.116570254,5893.116570254,12134,16987600,0.000000
2463,24.630053,5893.126588651,5893.126588651,12139,16994600,0.000000
2464,24.640087,5893.136622757,5893.136622757,12144,17001600,0.000000
2465,24.650066,5893.146602295,5893.146602295,12148,17007200,0.000000
2466,24.660064,5893.156599986,5893.156599986,12153,17014200,0.000000
2467,24.670045,5893.166580920,5893.166580920,12158,17021200,0.000000
2468,24.680065,5893.176601563,5893.176601563,12163,17028200,0.000000
2469,24.690059,5893.186595585,5893.186595585,12168,17035200,0.000000
2470,24.700064,5893.196599876,5893.196599876,12173,17042200,0.000000
2471,24.710066,5893.206602155,5893.206602155,12178,17049200,0.000000
2472,24.720072,5893.216608045,5893.216608045,12183,17056200,0.000000
2473,24.730021,5893.226556824,5893.226556824,12188,17063200,0.000000
2474,24.740065,5893.236601210,5893.236601210,12193,17070200,0.000000
2475,24.750066,5893.246602425,5893.246602425,12198,17077200,0.000000
2476,24.760062,5893.256598154,5893.256598154,12203,17084200,0.000000
2477,24.770042,5893.266577895,5893.266577895,12208,17091200,0.000000
2478,24.780082,5893.276618401,5893.276618401,12213,17098200,0.000000
2479,24.790067,5893.286603375,5893.286603375,12217,17103800,0.000000
2480,24.800068,5893.296604134,5893.296604134,12222,17110800,0.000000
2481,24.810068,5893.306604443,5893.306604443,12227,17117800,0.000000
2482,24.820015,5893.316551033,5893.316551033,12232,17124800,0.000000
2483,24.830070,5893.326606026,5893.326606026,12237,17131800,0.000000
2484,24.840067,5893.336602687,5893.336602687,12242,17138800,0.000000
2485,24.850076,5893.346612144,5893.346612144,12247,17145800,0.000000
2486,24.860068,5893.356603974,5893.356603974,12252,17152800,0.000000
2487,24.870072,5893.366607745,5893.366607745,12257,17159800,0.000000
2488,24.880063,5893.376599213,5893.376599213,12262,17166800,0.000000
2489,24.890063,5893.386599137,5893.386599137,12267,17173800,0.000000
2490,24.900071,5893.396606785,5893.396606785,12272,17180800,0.000000
2491,24.910038,5893.406573874,5893.406573874,12277,17187800,0.000000
2492,24.920070,5893.416606375,5893.416606375,12282,17194800,0.000000
2493,24.930058,5893.426594274,5893.426594274,12286,17200400,0.000000
2494,24.940067,5893.436602655,5893.436602655,12291,17207400,0.000000
2495,24.950011,5893.446546707,5893.446546707,12296,17214400,0.000000
2496,24.960065,5893.456600730,5893.456600730,12301,17221400,0.000000
2497,24.970059,5893.466595267,5893.466595267,12306,17228400,0.000000
2498,24.980013,5893.476549307,5893.476549307,12311,17235400,0.000000
2499,24.990064,5893.486600404,5893.486600404,12316,17242400,0.000000
2500,25.000065,5893.496601499,5893.496601499,12321,17249400,0.000000
2501,25.010015,5893.506551588,5893.506551588,12326,17256400,0.000000
2502,25.020065,5893.516601024,5893.516601024,12331,17263400,0.000000
2503,25.030063,5893.526599276,5893.526599276,12336,17270400,0.000000
2504,25.040063,5893.536599135,5893.536599135,12341,17277400,0.000000
2505,25.050044,5893.546579683,5893.546579683,12346,17284400,0.000000
2506,25.060075,5893.556611563,5893.556611563,12351,17291400,0.000000
2507,25.070066,5893.566602185,5893.566602185,12355,17297000,0.000000
2508,25.080068,5893.576603915,5893.576603915,12360,17304000,0.000000
2509,25.090070,5893.586606364,5893.586606364,12365,17311000,0.000000
2510,25.100066,5893.596602216,5893.596602216,12370,17318000,0.000000
2511,25.110066,5893.606602145,5893.606602145,12375,17325000,0.000000
2512,25.120064,5893.616599771,5893.616599771,12380,17332000,0.000000
2513,25.130029,5893.626565337,5893.626565337,12385,17339000,0.000000
2514,25.140063,5893.636599599,5893.636599599,12390,17346000,0.000000
2515,25.150058,5893.646594611,5893.646594611,12395,17353000,0.000000
2516,25.160065,5893.656601524,5893.656601524,12400,17360000,0.000000
2517,25.170064,5893.666599630,5893.666599630,12405,17367000,0.000000
2518,25.180063,5893.676598786,5893.676598786,12410,17374000,0.000000
2519,25.190068,5893.686603691,5893.686603691,12415,17381000,0.000000
2520,25.200079,5893.696615278,5893.696615278,12420,17388000,0.000000
2521,25.210067,5893.706602709,5893.706602709,12424,17393600,0.000000
2522,25.220068,5893.716604164,5893.716604164,12429,17400600,0.000000
2523,25.230075,5893.726610743,5893.726610743,12434,17407600,0.000000
2524,25.240074,5893.736609874,5893.736609874,12439,17414600,0.000000
2525,25.250065,5893.746600875,5893.746600875,12444,17421600,0.000000
2526,25.260063,5893.756599476,5893.756599476,12449,17428600,0.000000
2527,25.270064,5893.766599916,5893.766599916,12454,17435600,0.000000
2528,25.280064,5893.776600574,5893.776600574,12459,17442600,0.000000
2529,25.290070,5893.786606300,5893.786606300,12464,17449600,0.000000
2530,25.300066,5893.796602096,5893.796602096,12469,17456600,0.000000
2531,25.310066,5893.806601961,5893.806601961,12474,17463600,0.000000
2532,25.320064,5893.816599991,5893.816599991,12479,17470600,0.000000
2533,25.330062,5893.826597916,5893.826597916,12484,17477600,0.000000
2534,25.340073,5893.836609535,5893.836609535,12489,17484600,0.000000
2535,25.350067,5893.846603053,5893.846603053,12493,17490200,0.000000
2536,25.360068,5893.856604415,5893.856604415,12498,17497200,0.000000
2537,25.370070,5893.866606116,5893.866606116,12503,17504200,0.000000
2538,25.380068,5893.876603959,5893.876603959,12508,17511200,0.000000
2539,25.390068,5893.886604371,5893.886604371,12513,17518200,0.000000
2540,25.400070,5893.896605932,5893.896605932,12518,17525200,0.000000
2541,25.410062,5893.906598602,5893.906598602,12523,17532200,0.000000
2542,25.420067,5893.916602743,5893.916602743,12528,17539200,0.000000
2543,25.430066,5893.926602186,5893.926602186,12533,17546200,0.000000
2544,25.440067,5893.936602812,5893.936602812,12538,17553200,0.000000
2545,25.450063,5893.946598752,5893.946598752,12543,17560200,0.000000
2546,25.460064,5893.956599717,5893.956599717,12548,17567200,0.000000
2547,25.470044,5893.966580548,5893.966580548,12553,17574200,0.000000
2548,25.480072,5893.976608525,5893.976608525,12558,17581200,0.000000
2549,25.490067,5893.986602645,5893.986602645,12562,17586800,0.000000
2550,25.500070,5893.996606213,5893.996606213,12567,17593800,0.000000
2551,25.510065,5894.006600956,5894.006600956,12572,17600800,0.000000
2552,25.520060,5894.016595987,5894.016595987,12577,17607800,0.000000
2553,25.530063,5894.026599022,5894.026599022,12582,17614800,0.000000
2554,25.540070,5894.036605835,5894.036605835,12587,17621800,0.000000
2555,25.550065,5894.046601500,5894.046601500,12592,17628800,0.000000
2556,25.560066,5894.056602096,5894.056602096,12597,17635800,0.000000
2557,25.570079,5894.066614796,5894.066614796,12602,17642800,0.000000
2558,25.580064,5894.076600193,5894.076600193,12607,17649800,0.000000
2559,25.590065,5894.086600999,5894.086600999,12612,17656800,0.000000
2560,25.600063,5894.096599176,5894.096599176,12617,17663800,0.000000
2561,25.610038,5894.106574083,5894.106574083,12622,17670800,0.000000
2562,25.620077,5894.116613215,5894.116613215,12627,17677800,0.000000
2563,25.630059,5894.126594641,5894.126594641,12631,17683400,0.000000
2564,25.640068,5894.136603667,5894.136603667,12636,17690400,0.000000
2565,25.650068,5894.146604142,5894.146604142,12641,17697400,0.000000
2566,25.660075,5894.156611130,5894.156611130,12646,17704400,0.000000
2567,25.670065,5894.166601151,5894.166601151,12651,17711400,0.000000
2568,25.680063,5894.176599487,5894.176599487,12656,17718400,0.000000
2569,25.690063,5894.186599189,5894.186599189,12661,17725400,0.000000
2570,25.700069,5894.196605607,5894.196605607,12666,17732400,0.000000
2571,25.710070,5894.206605650,5894.206605650,12671,17739400,0.000000
2572,25.720029,5894.216564851,5894.216564851,12676,17746400,0.000000
2573,25.730063,5894.226598986,5894.226598986,12681,17753400,0.000000
2574,25.740065,5894.236601356,5894.236601356,12686,17760400,0.000000
2575,25.750045,5894.246581078,5894.246581078,12691,17767400,0.000000
2576,25.760079,5894.256614927,5894.256614927,12696,17774400,0.000000
2577,25.770067,5894.266602620,5894.266602620,12700,17780000,0.000000
2578,25.780064,5894.276600039,5894.276600039,12705,17787000,0.000000
2579,25.790063,5894.286599515,5894.286599515,12710,17794000,0.000000
2580,25.800063,5894.296599263,5894.296599263,12715,17801000,0.000000
2581,25.810069,5894.306605189,5894.306605189,12720,17808000,0.000000
2582,25.820065,5894.316601261,5894.316601261,12725,17815000,0.000000
2583,25.830068,5894.326604082,5894.326604082,12730,17822000,0.000000
2584,25.840066,5894.336601964,5894.336601964,12735,17829000,0.000000
2585,25.850070,5894.346606541,5894.346606541,12740,17836000,0.000000
2586,25.860064,5894.356599707,5894.356599707,12745,17843000,0.000000
2587,25.870065,5894.366600911,5894.366600911,12750,17850000,0.000000
2588,25.880063,5894.376599400,5894.376599400,12755,17857000,0.000000
2589,25.890040,5894.386575903,5894.386575903,12760,17864000,0.000000
2590,25.900077,5894.396612868,5894.396612868,12765,17871000,0.000000
2591,25.910064,5894.406600025,5894.406600025,12769,17876600,0.000000
2592,25.920063,5894.416599586,5894.416599586,12774,17883600,0.000000
2593,25.930067,5894.426603003,5894.426603003,12779,17890600,0.000000
2594,25.940074,5894.436610226,5894.436610226,12784,17897600,0.000000
2595,25.950064,5894.446599663,5894.446599663,12789,17904600,0.000000
2596,25.960070,5894.456606130,5894.456606130,12794,17911600,0.000000
2597,25.970066,5894.466601898,5894.466601898,12799,17918600,0.000000
2598,25.980063,5894.476598918,5894.476598918,12804,17925600,0.000000
2599,25.990063,5894.486598646,5894.486598646,12809,17932600,0.000000
2600,26.000063,5894.496599259,5894.496599259,12814,17939600,0.000000
2601,26.010067,5894.506602877,5894.506602877,12819,17946600,0.000000
2602,26.020061,5894.516597325,5894.516597325,12824,17953600,0.000000
2603,26.030041,5894.526576974,5894.526576974,12829,17960600,0.000000
2604,26.040079,5894.536615044,5894.536615044,12834,17967600,0.000000
2605,26.050069,5894.546605195,5894.546605195,12838,17973200,0.000000
2606,26.060070,5894.556606164,5894.556606164,12843,17980200,0.000000
2607,26.070067,5894.566602679,5894.566602679,12848,17987200,0.000000
2608,26.080069,5894.576604990,5894.576604990,12853,17994200,0.000000
2609,26.090069,5894.586605224,5894.586605224,12858,18001200,0.000000
2610,26.100067,5894.596603432,5894.596603432,12863,18008200,0.000000
2611,26.110066,5894.606602377,5894.606602377,12868,18015200,0.000000
2612,26.120067,5894.616603268,5894.616603268,12873,18022200,0.000000
2613,26.130067,5894.626603224,5894.626603224,12878,18029200,0.000000
2614,26.140062,5894.636598552,5894.636598552,12883,18036200,0.000000
2615,26.150062,5894.646598552,5894.646598552,12888,18043200,0.000000
2616,26.160063,5894.656599535,5894.656599535,12893,18050200,0.000000
2617,26.170058,5894.666593923,5894.666593923,12898,18057200,0.000000
2618,26.180075,5894.676611199,5894.676611199,12903,18064200,0.000000
2619,26.190070,5894.686605936,5894.686605936,12907,18069800,0.000000
2620,26.200064,5894.696600005,5894.696600005,12912,18076800,0.000000
2621,26.210068,5894.706603802,5894.706603802,12917,18083800,0.000000
2622,26.220067,5894.716603426,5894.716603426,12922,18090800,0.000000
2623,26.230066,5894.726601705,5894.726601705,12927,18097800,0.000000
2624,26.240063,5894.736598993,5894.736598993,12932,18104800,0.000000
2625,26.250066,5894.746601791,5894.746601791,12937,18111800,0.000000
2626,26.260066,5894.756601840,5894.756601840,12942,18118800,0.000000
2627,26.270062,5894.766598358,5894.766598358,12947,18125800,0.000000
2628,26.280067,5894.776602692,5894.776602692,12952,18132800,0.000000
2629,26.290066,5894.786602091,5894.786602091,12957,18139800,0.000000
2630,26.300068,5894.796604036,5894.796604036,12962,18146800,0.000000
2631,26.310044,5894.806579800,5894.806579800,12967,18153800,0.000000
2632,26.320080,5894.816615834,5894.816615834,12972,18160800,0.000000
2633,26.330068,5894.826603640,5894.826603640,12976,18166400,0.000000
2634,26.340020,5894.836555943,5894.836555943,12981,18173400,0.000000
2635,26.350064,5894.846599751,5894.846599751,12986,18180400,0.000000
2636,26.360066,5894.856601754,5894.856601754,12991,18187400,0.000000
2637,26.370059,5894.866595408,5894.866595408,12996,18194400,0.000000
2638,26.380067,5894.876603220,5894.876603220,13001,18201400,0.000000
2639,26.390071,5894.886607105,5894.886607105,13006,18208400,0.000000
2640,26.400069,5894.896605233,5894.896605233,13011,18215400,0.000000
2641,26.410029,5894.906564768,5894.906564768,13016,18222400,0.000000
2642,26.420029,5894.916564938,5894.916564938,13021,18229400,0.000000
2643,26.430059,5894.926594782,5894.926594782,13026,18236400,0.000000
2644,26.440066,5894.936602604,5894.936602604,13031,18243400,0.000000
2645,26.450064,5894.946599847,5894.946599847,13036,18250400,0.000000
2646,26.460069,5894.956605307,5894.956605307,13041,18257400,0.000000
2647,26.470083,5894.966619267,5894.966619267,13045,18263000,0.000000
2648,26.480034,5894.976570380,5894.976570380,13050,18270000,0.000000
2649,26.490066,5894.986602293,5894.986602293,13055,18277000,0.000000
2650,26.500065,5894.996601229,5894.996601229,13060,18284000,0.000000
2651,26.510065,5895.006600654,5895.006600654,13065,18291000,0.000000
2652,26.520061,5895.016597015,5895.016597015,13070,18298000,0.000000
2653,26.530076,5895.026611817,5895.026611817,13075,18305000,0.000000
2654,26.540067,5895.036603083,5895.036603083,13080,18312000,0.000000
2655,26.550058,5895.046593726,5895.046593726,13085,18319000,0.000000
2656,26.560067,5895.056603300,5895.056603300,13090,18326000,0.000000
2657,26.570064,5895.066600389,5895.066600389,13095,18333000,0.000000
2658,26.580068,5895.076604582,5895.076604582,13100,18340000,0.000000
2659,26.590042,5895.086578242,5895.086578242,13105,18347000,0.000000
2660,26.600094,5895.096630347,5895.096630347,13110,18354000,0.000000
2661,26.610066,5895.106601914,5895.106601914,13114,18359600,0.000000
2662,26.620034,5895.116570432,5895.116570432,13119,18366600,0.000000
2663,26.630068,5895.126604400,5895.126604400,13124,18373600,0.000000
2664,26.640069,5895.136604937,5895.136604937,13129,18380600,0.000000
2665,26.650073,5895.146609115,5895.146609115,13134,18387600,0.000000
2666,26.660069,5895.156604881,5895.156604881,13139,18394600,0.000000
2667,26.670076,5895.166611885,5895.166611885,13144,18401600,0.000000
2668,26.680064,5895.176599870,5895.176599870,13149,18408600,0.000000
2669,26.690068,5895.186604177,5895.186604177,13154,18415600,0.000000
2670,26.700067,5895.196602717,5895.196602717,13159,18422600,0.000000
2671,26.710068,5895.206603769,5895.206603769,13164,18429600,0.000000
2672,26.720093,5895.216628929,5895.216628929,13169,18436600,0.000000
2673,26.730043,5895.226578701,5895.226578701,13174,18443600,0.000000
2674,26.740102,5895.236637722,5895.236637722,13179,18450600,0.000000
2675,26.750068,5895.246604558,5895.246604558,13183,18456200,0.000000
2676,26.760061,5895.256596740,5895.256596740,13188,18463200,0.000000
2677,26.770069,5895.266604963,5895.266604963,13193,18470200,0.000000
2678,26.780066,5895.276601911,5895.276601911,13198,18477200,0.000000
2679,26.790066,5895.286601765,5895.286601765,13203,18484200,0.000000
2680,26.800072,5895.296607817,5895.296607817,13208,18491200,0.000000
2681,26.810067,5895.306603338,5895.306603338,13213,18498200,0.000000
2682,26.820067,5895.316602854,5895.316602854,13218,18505200,0.000000
2683,26.830015,5895.326551200,5895.326551200,13223,18512200,0.000000
2684,26.840090,5895.336625639,5895.336625639,13228,18519200,0.000000
2685,26.850066,5895.346602601,5895.346602601,13233,18526200,0.000000
2686,26.860071,5895.356606636,5895.356606636,13238,18533200,0.000000
2687,26.870049,5895.366585549,5895.366585549,13243,18540200,0.000000
2688,26.880082,5895.376617805,5895.376617805,13248,18547200,0.000000
2689,26.890067,5895.386603259,5895.386603259,13252,18552800,0.000000
2690,26.900045,5895.396580854,5895.396580854,13257,18559800,0.000000
2691,26.910084,5895.406620292,5895.406620292,13262,18566800,0.000000
2692,26.920062,5895.416598457,5895.416598457,13267,18573800,0.000000
2693,26.930066,5895.426602535,5895.426602535,13272,18580800,0.000000
2694,26.940066,5895.436602163,5895.436602163,13277,18587800,0.000000
2695,26.950066,5895.446602052,5895.446602052,13282,18594800,0.000000
2696,26.960047,5895.456582793,5895.456582793,13287,18601800,0.000000
2697,26.970063,5895.466599344,5895.466599344,13292,18608800,0.000000
2698,26.980065,5895.476600647,5895.476600647,13297,18615800,0.000000
2699,26.990068,5895.486604244,5895.486604244,13302,18622800,0.000000
2700,27.000068,5895.496604212,5895.496604212,13307,18629800,0.000000
2701,27.010052,5895.506588348,5895.506588348,13312,18636800,0.000000
2702,27.020075,5895.516611417,5895.516611417,13317,18643800,0.000000
2703,27.030068,5895.526604285,5895.526604285,13321,18649400,0.000000
2704,27.040033,5895.536569101,5895.536569101,13326,18656400,0.000000
2705,27.050068,5895.546604263,5895.546604263,13331,18663400,0.000000
2706,27.060065,5895.556601584,5895.556601584,13336,18670400,0.000000
2707,27.070064,5895.566600077,5895.566600077,13341,18677400,0.000000
2708,27.080066,5895.576602570,5895.576602570,13346,18684400,0.000000
2709,27.090024,5895.586560347,5895.586560347,13351,18691400,0.000000
2710,27.100058,5895.596594506,5895.596594506,13356,18698400,0.000000
2711,27.110039,5895.606574950,5895.606574950,13361,18705400,0.000000
2712,27.120065,5895.616601295,5895.616601295,13366,18712400,0.000000
2713,27.130081,5895.626617450,5895.626617450,13371,18719400,0.000000
2714,27.140070,5895.636606615,5895.636606615,13376,18726400,0.000000
2715,27.150045,5895.646581385,5895.646581385,13381,18733400,0.000000
2716,27.160077,5895.656613612,5895.656613612,13386,18740400,0.000000
2717,27.170065,5895.666601372,5895.666601372,13390,18746000,0.000000
2718,27.180067,5895.676603262,5895.676603262,13395,18753000,0.000000
2719,27.190064,5895.686600510,5895.686600510,13400,18760000,0.000000
2720,27.200071,5895.696606701,5895.696606701,13405,18767000,0.000000
2721,27.210069,5895.706605150,5895.706605150,13410,18774000,0.000000
2722,27.220073,5895.716609276,5895.716609276,13415,18781000,0.000000
2723,27.230070,5895.726606277,5895.726606277,13420,18788000,0.000000
2724,27.240068,5895.736603989,5895.736603989,13425,18795000,0.000000
2725,27.250066,5895.746602140,5895.746602140,13430,18802000,0.000000
2726,27.260030,5895.756566193,5895.756566193,13435,18809000,0.000000
2727,27.270065,5895.766600700,5895.766600700,13440,18816000,0.000000
2728,27.280071,5895.776607066,5895.776607066,13445,18823000,0.000000
2729,27.290068,5895.786604484,5895.786604484,13450,18830000,0.000000
2730,27.300077,5895.796613455,5895.796613455,13455,18837000,0.000000
2731,27.310068,5895.806603661,5895.806603661,13459,18842600,0.000000
2732,27.320068,5895.816603868,5895.816603868,13464,18849600,0.000000
2733,27.330067,5895.826603164,5895.826603164,13469,18856600,0.000000
2734,27.340066,5895.836601685,5895.836601685,13474,18863600,0.000000
2735,27.350064,5895.846600319,5895.846600319,13479,18870600,0.000000
2736,27.360067,5895.856602937,5895.856602937,13484,18877600,0.000000
2737,27.370067,5895.866603564,5895.866603564,13489,18884600,0.000000
2738,27.380065,5895.876600845,5895.876600845,13494,18891600,0.000000
2739,27.390066,5895.886602530,5895.886602530,13499,18898600,0.000000
2740,27.400076,5895.896612028,5895.896612028,13504,18905600,0.000000
2741,27.410066,5895.906601918,5895.906601918,13509,18912600,0.000000
2742,27.420067,5895.916602714,5895.916602714,13514,18919600,0.000000
2743,27.430072,5895.926607757,5895.926607757,13519,18926600,0.000000
2744,27.440089,5895.936624737,5895.936624737,13524,18933600,0.000000
2745,27.450069,5895.946605253,5895.946605253,13528,18939200,0.000000
2746,27.460071,5895.956606975,5895.956606975,13533,18946200,0.000000
2747,27.470067,5895.966603198,5895.966603198,13538,18953200,0.000000
2748,27.480065,5895.976601487,5895.976601487,13543,18960200,0.000000
2749,27.490065,5895.986600767,5895.986600767,13548,18967200,0.000000
2750,27.500063,5895.996599481,5895.996599481,13553,18974200,0.000000
2751,27.510071,5896.006606961,5896.006606961,13558,18981200,0.000000
2752,27.520075,5896.016610717,5896.016610717,13563,18988200,0.000000
2753,27.530065,5896.026601069,5896.026601069,13568,18995200,0.000000
2754,27.540032,5896.036568331,5896.036568331,13573,19002200,0.000000
2755,27.550064,5896.046599677,5896.046599677,13578,19009200,0.000000
2756,27.560062,5896.056598350,5896.056598350,13583,19016200,0.000000
2757,27.570055,5896.066591277,5896.066591277,13588,19023200,0.000000
2758,27.580083,5896.076619383,5896.076619383,13593,19030200,0.000000
2759,27.590070,5896.086605789,5896.086605789,13597,19035800,0.000000
2760,27.600053,5896.096589119,5896.096589119,13602,19042800,0.000000
2761,27.610066,5896.106601874,5896.106601874,13607,19049800,0.000000
2762,27.620069,5896.116604988,5896.116604988,13612,19056800,0.000000
2763,27.630069,5896.126605116,5896.126605116,13617,19063800,0.000000
2764,27.640066,5896.136602426,5896.136602426,13622,19070800,0.000000
2765,27.650066,5896.146602320,5896.146602320,13627,19077800,0.000000
2766,27.660065,5896.156600646,5896.156600646,13632,19084800,0.000000
2767,27.670059,5896.166595280,5896.166595280,13637,19091800,0.000000
2768,27.680029,5896.176565210,5896.176565210,13642,19098800,0.000000
2769,27.690063,5896.186598744,5896.186598744,13647,19105800,0.000000
2770,27.700059,5896.196595256,5896.196595256,13652,19112800,0.000000
2771,27.710039,5896.206575556,5896.206575556,13657,19119800,0.000000
2772,27.720073,5896.216608794,5896.216608794,13662,19126800,0.000000
2773,27.730065,5896.226600619,5896.226600619,13666,19132400,0.000000
2774,27.740022,5896.236557913,5896.236557913,13671,19139400,0.000000
2775,27.750060,5896.246595777,5896.246595777,13676,19146400,0.000000
2776,27.760067,5896.256603118,5896.256603118,13681,19153400,0.000000
2777,27.770018,5896.266554409,5896.266554409,13686,19160400,0.000000
2778,27.780064,5896.276599661,5896.276599661,13691,19167400,0.000000
2779,27.790063,5896.286599540,5896.286599540,13696,19174400,0.000000
2780,27.800064,5896.296600004,5896.296600004,13701,19181400,0.000000
2781,27.810009,5896.306544875,5896.306544875,13706,19188400,0.000000
2782,27.820063,5896.316599235,5896.316599235,13711,19195400,0.000000
2783,27.830065,5896.326600890,5896.326600890,13716,19202400,0.000000
2784,27.840059,5896.336595396,5896.336595396,13721,19209400,0.000000
2785,27.850048,5896.346584290,5896.346584290,13726,19216400,0.000000
2786,27.860080,5896.356615912,5896.356615912,13731,19223400,0.000000
2787,27.870069,5896.366604868,5896.366604868,13735,19229000,0.000000
2788,27.880015,5896.376551116,5896.376551116,13740,19236000,0.000000
2789,27.890066,5896.386602550,5896.386602550,13745,19243000,0.000000
2790,27.900066,5896.396601898,5896.396601898,13750,19250000,0.000000
2791,27.910059,5896.406595531,5896.406595531,13755,19257000,0.000000
2792,27.920061,5896.416596638,5896.416596638,13760,19264000,0.000000
2793,27.930064,5896.426600021,5896.426600021,13765,19271000,0.000000
2794,27.940065,5896.436600779,5896.436600779,13770,19278000,0.000000
2795,27.950019,5896.446554979,5896.446554979,13775,19285000,0.000000
2796,27.960067,5896.456602893,5896.456602893,13780,19292000,0.000000
2797,27.970065,5896.466600934,5896.466600934,13785,19299000,0.000000
2798,27.980043,5896.476578676,5896.476578676,13790,19306000,0.000000
2799,27.990053,5896.486589403,5896.486589403,13795,19313000,0.000000
2800,28.000081,5896.496616743,5896.496616743,13800,19320000,0.000000
2801,28.010070,5896.506605766,5896.506605766,13804,19325600,0.000000
2802,28.020022,5896.516558361,5896.516558361,13809,19332600,0.000000
2803,28.030060,5896.526595752,5896.526595752,13814,19339600,0.000000
2804,28.040065,5896.536600754,5896.536600754,13819,19346600,0.000000
2805,28.050065,5896.546601584,5896.546601584,13824,19353600,0.000000
2806,28.060066,5896.556602437,5896.556602437,13829,19360600,0.000000
2807,28.070065,5896.566601351,5896.566601351,13834,19367600,0.000000
2808,28.080059,5896.576595444,5896.576595444,13839,19374600,0.000000
2809,28.090062,5896.586598560,5896.586598560,13844,19381600,0.000000
2810,28.100064,5896.596600484,5896.596600484,13849,19388600,0.000000
2811,28.110066,5896.606601739,5896.606601739,13854,19395600,0.000000
2812,28.120058,5896.616593892,5896.616593892,13859,19402600,0.000000
2813,28.130021,5896.626556990,5896.626556990,13864,19409600,0.000000
2814,28.140077,5896.636613258,5896.636613258,13869,19416600,0.000000
2815,28.150076,5896.646612029,5896.646612029,13873,19422200,0.000000
2816,28.160050,5896.656586382,5896.656586382,13878,19429200,0.000000
2817,28.170077,5896.666613146,5896.666613146,13883,19436200,0.000000
2818,28.180067,5896.676602690,5896.676602690,13888,19443200,0.000000
2819,28.190061,5896.686597184,5896.686597184,13893,19450200,0.000000
2820,28.200062,5896.696598042,5896.696598042,13898,19457200,0.000000
2821,28.210072,5896.706608398,5896.706608398,13903,19464200,0.000000
2822,28.220064,5896.716600241,5896.716600241,13908,19471200,0.000000
2823,28.230066,5896.726602217,5896.726602217,13913,19478200,0.000000
2824,28.240065,5896.736600624,5896.736600624,13918,19485200,0.000000
2825,28.250063,5896.746598898,5896.746598898,13923,19492200,0.000000
2826,28.260066,5896.756601886,5896.756601886,13928,19499200,0.000000
2827,28.270035,5896.766571119,5896.766571119,13933,19506200,0.000000
2828,28.280071,5896.776606739,5896.776606739,13938,19513200,0.000000
2829,28.290065,5896.786601504,5896.786601504,13942,19518800,0.000000
2830,28.300067,5896.796602745,5896.796602745,13947,19525800,0.000000
2831,28.310065,5896.806600740,5896.806600740,13952,19532800,0.000000
2832,28.320067,5896.816602663,5896.816602663,13957,19539800,0.000000
2833,28.330068,5896.826603618,5896.826603618,13962,19546800,0.000000
2834,28.340066,5896.836601873,5896.836601873,13967,19553800,0.000000
2835,28.350065,5896.846600869,5896.846600869,13972,19560800,0.000000
2836,28.360064,5896.856600588,5896.856600588,13977,19567800,0.000000
2837,28.370066,5896.866602075,5896.866602075,13982,19574800,0.000000
2838,28.380060,5896.876596144,5896.876596144,13987,19581800,0.000000
2839,28.390071,5896.886607233,5896.886607233,13992,19588800,0.000000
2840,28.400065,5896.896601332,5896.896601332,13997,19595800,0.000000
2841,28.410045,5896.906581292,5896.906581292,14002,19602800,0.000000
2842,28.420078,5896.916613624,5896.916613624,14007,19609800,0.000000
2843,28.430067,5896.926602943,5896.926602943,14011,19615400,0.000000
2844,28.440072,5896.936607995,5896.936607995,14016,19622400,0.000000
2845,28.450034,5896.946570059,5896.946570059,14021,19629400,0.000000
2846,28.460064,5896.956600258,5896.956600258,14026,19636400,0.000000
2847,28.470064,5896.966600124,5896.966600124,14031,19643400,0.000000
2848,28.480066,5896.976601695,5896.976601695,14036,19650400,0.000000
2849,28.490066,5896.986601997,5896.986601997,14041,19657400,0.000000
2850,28.500067,5896.996602977,5896.996602977,14046,19664400,0.000000
2851,28.510070,5897.006605983,5897.006605983,14051,19671400,0.000000
2852,28.520064,5897.016600599,5897.016600599,14056,19678400,0.000000
2853,28.530064,5897.026600583,5897.026600583,14061,19685400,0.000000
2854,28.540067,5897.036603313,5897.036603313,14066,19692400,0.000000
2855,28.550053,5897.046589085,5897.046589085,14071,19699400,0.000000
2856,28.560075,5897.056611070,5897.056611070,14076,19706400,0.000000
2857,28.570067,5897.066602997,5897.066602997,14080,19712000,0.000000
2858,28.580066,5897.076601664,5897.076601664,14085,19719000,0.000000
2859,28.590062,5897.086598160,5897.086598160,14090,19726000,0.000000
2860,28.600069,5897.096605239,5897.096605239,14095,19733000,0.000000
2861,28.610067,5897.106602959,5897.106602959,14100,19740000,0.000000
2862,28.620064,5897.116600227,5897.116600227,14105,19747000,0.000000
2863,28.630066,5897.126601668,5897.126601668,14110,19754000,0.000000
2864,28.640064,5897.136599940,5897.136599940,14115,19761000,0.000000
2865,28.650065,5897.146600648,5897.146600648,14120,19768000,0.000000
2866,28.660064,5897.156600288,5897.156600288,14125,19775000,0.000000
2867,28.670069,5897.166605125,5897.166605125,14130,19782000,0.000000
2868,28.680064,5897.176600134,5897.176600134,14135,19789000,0.000000
2869,28.690049,5897.186585590,5897.186585590,14140,19796000,0.000000
2870,28.700081,5897.196616870,5897.196616870,14145,19803000,0.000000
2871,28.710080,5897.206616314,5897.206616314,14149,19808600,0.000000
2872,28.720067,5897.216603371,5897.216603371,14154,19815600,0.000000
2873,28.730047,5897.226582905,5897.226582905,14159,19822600,0.000000
2874,28.740071,5897.236607111,5897.236607111,14164,19829600,0.000000
2875,28.750068,5897.246603926,5897.246603926,14169,19836600,0.000000
2876,28.760070,5897.256606354,5897.256606354,14174,19843600,0.000000
2877,28.770060,5897.266595816,5897.266595816,14179,19850600,0.000000
2878,28.780065,5897.276600737,5897.276600737,14184,19857600,0.000000
2879,28.790064,5897.286600601,5897.286600601,14189,19864600,0.000000
2880,28.800069,5897.296604948,5897.296604948,14194,19871600,0.000000
2881,28.810064,5897.306600498,5897.306600498,14199,19878600,0.000000
2882,28.820058,5897.316594096,5897.316594096,14204,19885600,0.000000
2883,28.830050,5897.326586130,5897.326586130,14209,19892600,0.000000
2884,28.840078,5897.336614013,5897.336614013,14214,19899600,0.000000
2885,28.850066,5897.346602580,5897.346602580,14218,19905200,0.000000
2886,28.860084,5897.356620206,5897.356620206,14223,19912200,0.000000
2887,28.870067,5897.366602724,5897.366602724,14228,19919200,0.000000
2888,28.880067,5897.376603035,5897.376603035,14233,19926200,0.000000
2889,28.890067,5897.386603348,5897.386603348,14238,19933200,0.000000
2890,28.900067,5897.396603604,5897.396603604,14243,19940200,0.000000
2891,28.910066,5897.406602342,5897.406602342,14248,19947200,0.000000
2892,28.920067,5897.416602713,5897.416602713,14253,19954200,0.000000
2893,28.930063,5897.426599259,5897.426599259,14258,19961200,0.000000
2894,28.940035,5897.436570767,5897.436570767,14263,19968200,0.000000
2895,28.950066,5897.446602323,5897.446602323,14268,19975200,0.000000
2896,28.960062,5897.456598365,5897.456598365,14273,19982200,0.000000
2897,28.970054,5897.466590332,5897.466590332,14278,19989200,0.000000
2898,28.980078,5897.476614230,5897.476614230,14283,19996200,0.000000
2899,28.990072,5897.486607770,5897.486607770,14287,20001800,0.000000
2900,29.000069,5897.496604999,5897.496604999,14292,20008800,0.000000
2901,29.010070,5897.506606047,5897.506606047,14297,20015800,0.000000
2902,29.020067,5897.516602974,5897.516602974,14302,20022800,0.000000
2903,29.030071,5897.526607304,5897.526607304,14307,20029800,0.000000
2904,29.040068,5897.536603947,5897.536603947,14312,20036800,0.000000
2905,29.050065,5897.546600835,5897.546600835,14317,20043800,0.000000
2906,29.060065,5897.556600803,5897.556600803,14322,20050800,0.000000
2907,29.070063,5897.566599594,5897.566599594,14327,20057800,0.000000
2908,29.080027,5897.576562993,5897.576562993,14332,20064800,0.000000
2909,29.090067,5897.586602666,5897.586602666,14337,20071800,0.000000
2910,29.100066,5897.596602177,5897.596602177,14342,20078800,0.000000
2911,29.110049,5897.606585035,5897.606585035,14347,20085800,0.000000
2912,29.120074,5897.616610451,5897.616610451,14352,20092800,0.000000
2913,29.130064,5897.626600316,5897.626600316,14356,20098400,0.000000
2914,29.140065,5897.636601523,5897.636601523,14361,20105400,0.000000
2915,29.150064,5897.646600241,5897.646600241,14366,20112400,0.000000
2916,29.160068,5897.656604488,5897.656604488,14371,20119400,0.000000
2917,29.170069,5897.666604696,5897.666604696,14376,20126400,0.000000
2918,29.180066,5897.676602326,5897.676602326,14381,20133400,0.000000
2919,29.190069,5897.686605369,5897.686605369,14386,20140400,0.000000
2920,29.200067,5897.696603380,5897.696603380,14391,20147400,0.000000
2921,29.210068,5897.706604219,5897.706604219,14396,20154400,0.000000
2922,29.220063,5897.716599400,5897.716599400,14401,20161400,0.000000
2923,29.230064,5897.726600438,5897.726600438,14406,20168400,0.000000
2924,29.240063,5897.736598994,5897.736598994,14411,20175400,0.000000
2925,29.250045,5897.746580653,5897.746580653,14416,20182400,0.000000
2926,29.260075,5897.756611574,5897.756611574,14421,20189400,0.000000
2927,29.270064,5897.766600449,5897.766600449,14425,20195000,0.000000
2928,29.280068,5897.776604388,5897.776604388,14430,20202000,0.000000
2929,29.290067,5897.786602680,5897.786602680,14435,20209000,0.000000
2930,29.300018,5897.796553868,5897.796553868,14440,20216000,0.000000
2931,29.310070,5897.806606274,5897.806606274,14445,20223000,0.000000
2932,29.320062,5897.816598243,5897.816598243,14450,20230000,0.000000
2933,29.330062,5897.826598167,5897.826598167,14455,20237000,0.000000
2934,29.340067,5897.836602652,5897.836602652,14460,20244000,0.000000
2935,29.350072,5897.846608515,5897.846608515,14465,20251000,0.000000
2936,29.360065,5897.856601060,5897.856601060,14470,20258000,0.000000
2937,29.370062,5897.866598387,5897.866598387,14475,20265000,0.000000
2938,29.380062,5897.876597790,5897.876597790,14480,20272000,0.000000
2939,29.390038,5897.886574310,5897.886574310,14485,20279000,0.000000
2940,29.400038,5897.896574206,5897.896574206,14490,20286000,0.000000
2941,29.410066,5897.906602388,5897.906602388,14494,20291600,0.000000
2942,29.420062,5897.916598032,5897.916598032,14499,20298600,0.000000
2943,29.430063,5897.926599477,5897.926599477,14504,20305600,0.000000
2944,29.440068,5897.936603724,5897.936603724,14509,20312600,0.000000
2945,29.450066,5897.946601942,5897.946601942,14514,20319600,0.000000
2946,29.460066,5897.956601810,5897.956601810,14519,20326600,0.000000
2947,29.470063,5897.966599290,5897.966599290,14524,20333600,0.000000
2948,29.480066,5897.976602020,5897.976602020,14529,20340600,0.000000
2949,29.490058,5897.986594504,5897.986594504,14534,20347600,0.000000
2950,29.500062,5897.996598178,5897.996598178,14539,20354600,0.000000
2951,29.510030,5898.006565970,5898.006565970,14544,20361600,0.000000
2952,29.520063,5898.016599290,5898.016599290,14549,20368600,0.000000
2953,29.530056,5898.026592568,5898.026592568,14554,20375600,0.000000
2954,29.540079,5898.036614999,5898.036614999,14559,20382600,0.000000
2955,29.550064,5898.046599954,5898.046599954,14563,20388200,0.000000
2956,29.560063,5898.056598694,5898.056598694,14568,20395200,0.000000
2957,29.570070,5898.066606257,5898.066606257,14573,20402200,0.000000
2958,29.580065,5898.076601046,5898.076601046,14578,20409200,0.000000
2959,29.590067,5898.086603526,5898.086603526,14583,20416200,0.000000
2960,29.600068,5898.096604146,5898.096604146,14588,20423200,0.000000
2961,29.610032,5898.106568454,5898.106568454,14593,20430200,0.000000
2962,29.620065,5898.116601471,5898.116601471,14598,20437200,0.000000
2963,29.630059,5898.126594664,5898.126594664,14603,20444200,0.000000
2964,29.640064,5898.136600495,5898.136600495,14608,20451200,0.000000
2965,29.650064,5898.146599723,5898.146599723,14613,20458200,0.000000
2966,29.660065,5898.156601048,5898.156601048,14618,20465200,0.000000
2967,29.670047,5898.166582827,5898.166582827,14623,20472200,0.000000
2968,29.680022,5898.176557816,5898.176557816,14628,20479200,0.000000
2969,29.690066,5898.186601718,5898.186601718,14632,20484800,0.000000
2970,29.700061,5898.196597470,5898.196597470,14637,20491800,0.000000
2971,29.710068,5898.206603769,5898.206603769,14642,20498800,0.000000
2972,29.720066,5898.216601934,5898.216601934,14647,20505800,0.000000
2973,29.730066,5898.226601661,5898.226601661,14652,20512800,0.000000
2974,29.740079,5898.236614990,5898.236614990,14657,20519800,0.000000
2975,29.750069,5898.246604648,5898.246604648,14662,20526800,0.000000
2976,29.760069,5898.256604698,5898.256604698,14667,20533800,0.000000
2977,29.770068,5898.266604121,5898.266604121,14672,20540800,0.000000
2978,29.780063,5898.276598976,5898.276598976,14677,20547800,0.000000
2979,29.790067,5898.286603006,5898.286603006,14682,20554800,0.000000
2980,29.800066,5898.296601730,5898.296601730,14687,20561800,0.000000
2981,29.810084,5898.306620146,5898.306620146,14692,20568800,0.000000
2982,29.820077,5898.316613010,5898.316613010,14697,20575800,0.000000
2983,29.830077,5898.326612664,5898.326612664,14701,20581400,0.000000
2984,29.840070,5898.336606055,5898.336606055,14706,20588400,0.000000
2985,29.850067,5898.346603096,5898.346603096,14711,20595400,0.000000
2986,29.860068,5898.356604054,5898.356604054,14716,20602400,0.000000
2987,29.870075,5898.366611154,5898.366611154,14721,20609400,0.000000
2988,29.880068,5898.376604371,5898.376604371,14726,20616400,0.000000
2989,29.890069,5898.386604641,5898.386604641,14731,20623400,0.000000
2990,29.900065,5898.396601459,5898.396601459,14736,20630400,0.000000
2991,29.910068,5898.406603622,5898.406603622,14741,20637400,0.000000
2992,29.920068,5898.416603780,5898.416603780,14746,20644400,0.000000
2993,29.930065,5898.426600795,5898.426600795,14751,20651400,0.000000
2994,29.940067,5898.436602938,5898.436602938,14756,20658400,0.000000
2995,29.950057,5898.446592886,5898.446592886,14761,20665400,0.000000
2996,29.960083,5898.456619281,5898.456619281,14766,20672400,0.000000
2997,29.970077,5898.466613276,5898.466613276,14770,20678000,0.000000
2998,29.980068,5898.476603923,5898.476603923,14775,20685000,0.000000
2999,29.990060,5898.486595768,5898.486595768,14780,20692000,0.000000
3000,30.000065,5898.496601382,5898.496601382,14785,20699000,0.000000
3001,30.010064,5898.506600011,5898.506600011,14790,20706000,0.000000
3002,30.020064,5898.516599620,5898.516599620,14795,20713000,0.000000
3003,30.030067,5898.526602738,5898.526602738,14800,20720000,0.000000
3004,30.040066,5898.536601660,5898.536601660,14805,20727000,0.000000
3005,30.050062,5898.546598028,5898.546598028,14810,20734000,0.000000
3006,30.060065,5898.556601306,5898.556601306,14815,20741000,0.000000
3007,30.070072,5898.566608299,5898.566608299,14820,20748000,0.000000
3008,30.080062,5898.576598329,5898.576598329,14825,20755000,0.000000
3009,30.090056,5898.586592509,5898.586592509,14830,20762000,0.000000
3010,30.100077,5898.596613059,5898.596613059,14835,20769000,0.000000
3011,30.110067,5898.606602689,5898.606602689,14839,20774600,0.000000
3012,30.120064,5898.616600479,5898.616600479,14844,20781600,0.000000
3013,30.130065,5898.626600964,5898.626600964,14849,20788600,0.000000
3014,30.140064,5898.636599841,5898.636599841,14854,20795600,0.000000
3015,30.150068,5898.646604378,5898.646604378,14859,20802600,0.000000
3016,30.160066,5898.656601868,5898.656601868,14864,20809600,0.000000
3017,30.170062,5898.666598340,5898.666598340,14869,20816600,0.000000
3018,30.180067,5898.676603616,5898.676603616,14874,20823600,0.000000
3019,30.190064,5898.686600497,5898.686600497,14879,20830600,0.000000
3020,30.200061,5898.696597603,5898.696597603,14884,20837600,0.000000
3021,30.210075,5898.706610737,5898.706610737,14889,20844600,0.000000
3022,30.220065,5898.716601223,5898.716601223,14894,20851600,0.000000
3023,30.230014,5898.726550063,5898.726550063,14899,20858600,0.000000
3024,30.240026,5898.736561756,5898.736561756,14904,20865600,0.000000
3025,30.250072,5898.746608369,5898.746608369,14908,20871200,0.000000
3026,30.260077,5898.756613337,5898.756613337,14913,20878200,0.000000
3027,30.270029,5898.766564660,5898.766564660,14918,20885200,0.000000
3028,30.280066,5898.776602236,5898.776602236,14923,20892200,0.000000
3029,30.290064,5898.786599901,5898.786599901,14928,20899200,0.000000
3030,30.300065,5898.796601328,5898.796601328,14933,20906200,0.000000
3031,30.310065,5898.806601581,5898.806601581,14938,20913200,0.000000
3032,30.320071,5898.816607113,5898.816607113,14943,20920200,0.000000
3033,30.330059,5898.826594735,5898.826594735,14948,20927200,0.000000
3034,30.340066,5898.836602323,5898.836602323,14953,20934200,0.000000
3035,30.350064,5898.846600253,5898.846600253,14958,20941200,0.000000
3036,30.360058,5898.856593896,5898.856593896,14963,20948200,0.000000
3037,30.370056,5898.866591855,5898.866591855,14968,20955200,0.000000
3038,30.380074,5898.876610579,5898.876610579,14973,20962200,0.000000
3039,30.390069,5898.886604638,5898.886604638,14977,20967800,0.000000
3040,30.400072,5898.896608043,5898.896608043,14982,20974800,0.000000
3041,30.410067,5898.906603180,5898.906603180,14987,20981800,0.000000
3042,30.420064,5898.916600062,5898.916600062,14992,20988800,0.000000
3043,30.430064,5898.926599628,5898.926599628,14997,20995800,0.000000
3044,30.440066,5898.936602289,5898.936602289,15002,21002800,0.000000
3045,30.450063,5898.946599049,5898.946599049,15007,21009800,0.000000
3046,30.460067,5898.956602929,5898.956602929,15012,21016800,0.000000
3047,30.470066,5898.966602077,5898.966602077,15017,21023800,0.000000
3048,30.480068,5898.976603933,5898.976603933,15022,21030800,0.000000
3049,30.490035,5898.986570723,5898.986570723,15027,21037800,0.000000
3050,30.500063,5898.996598773,5898.996598773,15032,21044800,0.000000
3051,30.510049,5899.006585565,5899.006585565,15037,21051800,0.000000
3052,30.520075,5899.016611059,5899.016611059,15042,21058800,0.000000
3053,30.530067,5899.026603593,5899.026603593,15046,21064400,0.000000
3054,30.540067,5899.036603117,5899.036603117,15051,21071400,0.000000
3055,30.550044,5899.046580314,5899.046580314,15056,21078400,0.000000
3056,30.560066,5899.056602221,5899.056602221,15061,21085400,0.000000
3057,30.570069,5899.066604722,5899.066604722,15066,21092400,0.000000
3058,30.580060,5899.076595637,5899.076595637,15071,21099400,0.000000
3059,30.590070,5899.086605676,5899.086605676,15076,21106400,0.000000
3060,30.600063,5899.096599312,5899.096599312,15081,21113400,0.000000
3061,30.610066,5899.106601907,5899.106601907,15086,21120400,0.000000
3062,30.620063,5899.116598732,5899.116598732,15091,21127400,0.000000
3063,30.630064,5899.126599696,5899.126599696,15096,21134400,0.000000
3064,30.640062,5899.136598293,5899.136598293,15101,21141400,0.000000
3065,30.650021,5899.146556915,5899.146556915,15106,21148400,0.000000
3066,30.660083,5899.156618747,5899.156618747,15111,21155400,0.000000
3067,30.670063,5899.166599320,5899.166599320,15115,21161000,0.000000
3068,30.680066,5899.176601819,5899.176601819,15120,21168000,0.000000
3069,30.690071,5899.186606938,5899.186606938,15125,21175000,0.000000
3070,30.700070,5899.196606277,5899.196606277,15130,21182000,0.000000
3071,30.710073,5899.206609407,5899.206609407,15135,21189000,0.000000
3072,30.720074,5899.216610377,5899.216610377,15140,21196000,0.000000
3073,30.730070,5899.226605806,5899.226605806,15145,21203000,0.000000
3074,30.740078,5899.236614196,5899.236614196,15150,21210000,0.000000
3075,30.750069,5899.246605531,5899.246605531,15155,21217000,0.000000
3076,30.760024,5899.256560336,5899.256560336,15160,21224000,0.000000
3077,30.770060,5899.266596176,5899.266596176,15165,21231000,0.000000
3078,30.780071,5899.276607618,5899.276607618,15170,21238000,0.000000
3079,30.790047,5899.286583133,5899.286583133,15175,21245000,0.000000
3080,30.800089,5899.296625527,5899.296625527,15180,21252000,0.000000
3081,30.810067,5899.306603591,5899.306603591,15184,21257600,0.000000
3082,30.820043,5899.316579208,5899.316579208,15189,21264600,0.000000
3083,30.830066,5899.326602356,5899.326602356,15194,21271600,0.000000
3084,30.840149,5899.336685407,5899.336685407,15199,21278600,0.000000
3085,30.850065,5899.346600794,5899.346600794,15204,21285600,0.000000
3086,30.860064,5899.356600298,5899.356600298,15209,21292600,0.000000
3087,30.870084,5899.366619639,5899.366619639,15214,21299600,0.000000
3088,30.880067,5899.376602885,5899.376602885,15219,21306600,0.000000
3089,30.890037,5899.386572892,5899.386572892,15224,21313600,0.000000
3090,30.900062,5899.396598557,5899.396598557,15229,21320600,0.000000
3091,30.910065,5899.406600841,5899.406600841,15234,21327600,0.000000
3092,30.920064,5899.416599654,5899.416599654,15239,21334600,0.000000
3093,30.930060,5899.426596235,5899.426596235,15244,21341600,0.000000
3094,30.940077,5899.436613609,5899.436613609,15249,21348600,0.000000
3095,30.950068,5899.446604444,5899.446604444,15253,21354200,0.000000
3096,30.960079,5899.456615489,5899.456615489,15258,21361200,0.000000
3097,30.970069,5899.466605303,5899.466605303,15263,21368200,0.000000
3098,30.980069,5899.476605265,5899.476605265,15268,21375200,0.000000
3099,30.990068,5899.486604236,5899.486604236,15273,21382200,0.000000
3100,31.000071,5899.496606734,5899.496606734,15278,21389200,0.000000
3101,31.010065,5899.506600848,5899.506600848,15283,21396200,0.000000
3102,31.020066,5899.516602388,5899.516602388,15288,21403200,0.000000
3103,31.030069,5899.526605260,5899.526605260,15293,21410200,0.000000
3104,31.040068,5899.536604291,5899.536604291,15298,21417200,0.000000
3105,31.050063,5899.546598989,5899.546598989,15303,21424200,0.000000
3106,31.060064,5899.556600494,5899.556600494,15308,21431200,0.000000
3107,31.070049,5899.566585367,5899.566585367,15313,21438200,0.000000
3108,31.080081,5899.576617302,5899.576617302,15318,21445200,0.000000
3109,31.090067,5899.586603000,5899.586603000,15322,21450800,0.000000
3110,31.100035,5899.596571384,5899.596571384,15327,21457800,0.000000
3111,31.110075,5899.606610869,5899.606610869,15332,21464800,0.000000
3112,31.120070,5899.616605686,5899.616605686,15337,21471800,0.000000
3113,31.130067,5899.626603042,5899.626603042,15342,21478800,0.000000
3114,31.140086,5899.636621934,5899.636621934,15347,21485800,0.000000
3115,31.150067,5899.646603539,5899.646603539,15352,21492800,0.000000
3116,31.160060,5899.656596460,5899.656596460,15357,21499800,0.000000
3117,31.170071,5899.666607528,5899.666607528,15362,21506800,0.000000
3118,31.180063,5899.676599003,5899.676599003,15367,21513800,0.000000
3119,31.190065,5899.686601266,5899.686601266,15372,21520800,0.000000
3120,31.200078,5899.696614480,5899.696614480,15377,21527800,0.000000
3121,31.210034,5899.706569695,5899.706569695,15382,21534800,0.000000
3122,31.220081,5899.716617288,5899.716617288,15387,21541800,0.000000
3123,31.230066,5899.726602083,5899.726602083,15391,21547400,0.000000
3124,31.240068,5899.736604284,5899.736604284,15396,21554400,0.000000
3125,31.250067,5899.746603552,5899.746603552,15401,21561400,0.000000
3126,31.260070,5899.756606264,5899.756606264,15406,21568400,0.000000
3127,31.270074,5899.766610568,5899.766610568,15411,21575400,0.000000
3128,31.280071,5899.776607462,5899.776607462,15416,21582400,0.000000
3129,31.290073,5899.786609513,5899.786609513,15421,21589400,0.000000
3130,31.300064,5899.796600131,5899.796600131,15426,21596400,0.000000
3131,31.310083,5899.806618880,5899.806618880,15431,21603400,0.000000
3132,31.320062,5899.816598448,5899.816598448,15436,21610400,0.000000
3133,31.330062,5899.826598480,5899.826598480,15441,21617400,0.000000
3134,31.340064,5899.836599724,5899.836599724,15446,21624400,0.000000
3135,31.350044,5899.846580147,5899.846580147,15451,21631400,0.000000
3136,31.360088,5899.856623920,5899.856623920,15456,21638400,0.000000
3137,31.370070,5899.866605639,5899.866605639,15460,21644000,0.000000
3138,31.380032,5899.876568123,5899.876568123,15465,21651000,0.000000
3139,31.390066,5899.886602589,5899.886602589,15470,21658000,0.000000
3140,31.400066,5899.896602423,5899.896602423,15475,21665000,0.000000
3141,31.410068,5899.906603877,5899.906603877,15480,21672000,0.000000
3142,31.420066,5899.916602468,5899.916602468,15485,21679000,0.000000
3143,31.430070,5899.926605895,5899.926605895,15490,21686000,0.000000
3144,31.440068,5899.936604265,5899.936604265,15495,21693000,0.000000
3145,31.450042,5899.946578516,5899.946578516,15500,21700000,0.000000
3146,31.460063,5899.956598837,5899.956598837,15505,21707000,0.000000
3147,31.470091,5899.966627037,5899.966627037,15510,21714000,0.000000
3148,31.480064,5899.976599642,5899.976599642,15515,21721000,0.000000
3149,31.490085,5899.986621063,5899.986621063,15520,21728000,0.000000
3150,31.500080,5899.996616359,5899.996616359,15525,21735000,0.000000
3151,31.510065,5900.006601140,5900.006601140,15529,21740600,0.000000
3152,31.520030,5900.016565734,5900.016565734,15534,21747600,0.000000
3153,31.530082,5900.026618143,5900.026618143,15539,21754600,0.000000
3154,31.540072,5900.036608483,5900.036608483,15544,21761600,0.000000
3155,31.550066,5900.046602067,5900.046602067,15549,21768600,0.000000
3156,31.560071,5900.056607590,5900.056607590,15554,21775600,0.000000
3157,31.570068,5900.066604155,5900.066604155,15559,21782600,0.000000
3158,31.580064,5900.076600601,5900.076600601,15564,21789600,0.000000
3159,31.590089,5900.086624647,5900.086624647,15569,21796600,0.000000
3160,31.600066,5900.096601949,5900.096601949,15574,21803600,0.000000
3161,31.610064,5900.106600452,5900.106600452,15579,21810600,0.000000
3162,31.620064,5900.116600447,5900.116600447,15584,21817600,0.000000
3163,31.630061,5900.126597030,5900.126597030,15589,21824600,0.000000
3164,31.640085,5900.136620898,5900.136620898,15594,21831600,0.000000
3165,31.650079,5900.146614887,5900.146614887,15598,21837200,0.000000
3166,31.660039,5900.156575463,5900.156575463,15603,21844200,0.000000
3167,31.670064,5900.166599948,5900.166599948,15608,21851200,0.000000
3168,31.680066,5900.176602051,5900.176602051,15613,21858200,0.000000
3169,31.690067,5900.186602786,5900.186602786,15618,21865200,0.000000
3170,31.700066,5900.196602016,5900.196602016,15623,21872200,0.000000
3171,31.710066,5900.206601928,5900.206601928,15628,21879200,0.000000
3172,31.720070,5900.216606157,5900.216606157,15633,21886200,0.000000
3173,31.730039,5900.226575603,5900.226575603,15638,21893200,0.000000
3174,31.740071,5900.236607166,5900.236607166,15643,21900200,0.000000
3175,31.750066,5900.246601627,5900.246601627,15648,21907200,0.000000
3176,31.760062,5900.256598353,5900.256598353,15653,21914200,0.000000
3177,31.770064,5900.266600488,5900.266600488,15658,21921200,0.000000
3178,31.780071,5900.276607390,5900.276607390,15663,21928200,0.000000
3179,31.790068,5900.286604155,5900.286604155,15667,21933800,0.000000
3180,31.800071,5900.296607145,5900.296607145,15672,21940800,0.000000
3181,31.810072,5900.306608234,5900.306608234,15677,21947800,0.000000
3182,31.820077,5900.316613314,5900.316613314,15682,21954800,0.000000
3183,31.830065,5900.326601212,5900.326601212,15687,21961800,0.000000
3184,31.840064,5900.336599817,5900.336599817,15692,21968800,0.000000
3185,31.850071,5900.346606834,5900.346606834,15697,21975800,0.000000
3186,31.860072,5900.356608136,5900.356608136,15702,21982800,0.000000
3187,31.870063,5900.366598848,5900.366598848,15707,21989800,0.000000
3188,31.880066,5900.376601797,5900.376601797,15712,21996800,0.000000
3189,31.890067,5900.386602897,5900.386602897,15717,22003800,0.000000
3190,31.900072,5900.396607853,5900.396607853,15722,22010800,0.000000
3191,31.910052,5900.406588269,5900.406588269,15727,22017800,0.000000
3192,31.920076,5900.416611843,5900.416611843,15732,22024800,0.000000
3193,31.930078,5900.426614425,5900.426614425,15736,22030400,0.000000
3194,31.940073,5900.436608762,5900.436608762,15741,22037400,0.000000
3195,31.950079,5900.446614806,5900.446614806,15746,22044400,0.000000
3196,31.960067,5900.456603022,5900.456603022,15751,22051400,0.000000
3197,31.970064,5900.466600045,5900.466600045,15756,22058400,0.000000
3198,31.980069,5900.476604908,5900.476604908,15761,22065400,0.000000
3199,31.990067,5900.486602666,5900.486602666,15766,22072400,0.000000
3200,32.000066,5900.496601623,5900.496601623,15771,22079400,0.000000
3201,32.010065,5900.506600931,5900.506600931,15776,22086400,0.000000
3202,32.020062,5900.516598423,5900.516598423,15781,22093400,0.000000
3203,32.030063,5900.526599509,5900.526599509,15786,22100400,0.000000
3204,32.040063,5900.536599322,5900.536599322,15791,22107400,0.000000
3205,32.050042,5900.546577854,5900.546577854,15796,22114400,0.000000
3206,32.060072,5900.556608499,5900.556608499,15801,22121400,0.000000
3207,32.070067,5900.566602856,5900.566602856,15805,22127000,0.000000
3208,32.080072,5900.576608287,5900.576608287,15810,22134000,0.000000
3209,32.090071,5900.586607260,5900.586607260,15815,22141000,0.000000
3210,32.100060,5900.596596299,5900.596596299,15820,22148000,0.000000
3211,32.110067,5900.606603414,5900.606603414,15825,22155000,0.000000
3212,32.120067,5900.616602920,5900.616602920,15830,22162000,0.000000
3213,32.130067,5900.626603299,5900.626603299,15835,22169000,0.000000
3214,32.140066,5900.636602059,5900.636602059,15840,22176000,0.000000
3215,32.150069,5900.646604653,5900.646604653,15845,22183000,0.000000
3216,32.160073,5900.656609422,5900.656609422,15850,22190000,0.000000
3217,32.170067,5900.666603132,5900.666603132,15855,22197000,0.000000
3218,32.180067,5900.676603099,5900.676603099,15860,22204000,0.000000
3219,32.190048,5900.686584325,5900.686584325,15865,22211000,0.000000
3220,32.200079,5900.696614811,5900.696614811,15870,22218000,0.000000
3221,32.210067,5900.706603573,5900.706603573,15874,22223600,0.000000
3222,32.220070,5900.716606597,5900.716606597,15879,22230600,0.000000
3223,32.230076,5900.726612552,5900.726612552,15884,22237600,0.000000
3224,32.240067,5900.736603337,5900.736603337,15889,22244600,0.000000
3225,32.250068,5900.746603844,5900.746603844,15894,22251600,0.000000
3226,32.260067,5900.756603478,5900.756603478,15899,22258600,0.000000
3227,32.270066,5900.766601698,5900.766601698,15904,22265600,0.000000
3228,32.280067,5900.776602890,5900.776602890,15909,22272600,0.000000
3229,32.290065,5900.786601515,5900.786601515,15914,22279600,0.000000
3230,32.300064,5900.796600101,5900.796600101,15919,22286600,0.000000
3231,32.310062,5900.806598235,5900.806598235,15924,22293600,0.000000
3232,32.320062,5900.816598410,5900.816598410,15929,22300600,0.000000
3233,32.330044,5900.826579813,5900.826579813,15934,22307600,0.000000
3234,32.340076,5900.836612373,5900.836612373,15939,22314600,0.000000
3235,32.350068,5900.846604289,5900.846604289,15943,22320200,0.000000
3236,32.360075,5900.856610801,5900.856610801,15948,22327200,0.000000
3237,32.370065,5900.866601505,5900.866601505,15953,22334200,0.000000
3238,32.380066,5900.876601833,5900.876601833,15958,22341200,0.000000
3239,32.390071,5900.886606634,5900.886606634,15963,22348200,0.000000
3240,32.400066,5900.896601829,5900.896601829,15968,22355200,0.000000
3241,32.410067,5900.906603256,5900.906603256,15973,22362200,0.000000
3242,32.420067,5900.916603345,5900.916603345,15978,22369200,0.000000
3243,32.430063,5900.926598983,5900.926598983,15983,22376200,0.000000
3244,32.440064,5900.936599896,5900.936599896,15988,22383200,0.000000
3245,32.450068,5900.946604191,5900.946604191,15993,22390200,0.000000
3246,32.460070,5900.956606171,5900.956606171,15998,22397200,0.000000
3247,32.470041,5900.966576672,5900.966576672,16003,22404200,0.000000
3248,32.480019,5900.976555158,5900.976555158,16008,22411200,0.000000
3249,32.490072,5900.986607870,5900.986607870,16012,22416800,0.000000
3250,32.500066,5900.996601980,5900.996601980,16017,22423800,0.000000
3251,32.510084,5901.006620467,5901.006620467,16022,22430800,0.000000
3252,32.520065,5901.016600748,5901.016600748,16027,22437800,0.000000
3253,32.530067,5901.026602750,5901.026602750,16032,22444800,0.000000
3254,32.540066,5901.036602020,5901.036602020,16037,22451800,0.000000
3255,32.550063,5901.046599143,5901.046599143,16042,22458800,0.000000
3256,32.560064,5901.056600280,5901.056600280,16047,22465800,0.000000
3257,32.570068,5901.066604173,5901.066604173,16052,22472800,0.000000
3258,32.580028,5901.076564116,5901.076564116,16057,22479800,0.000000
3259,32.590064,5901.086599833,5901.086599833,16062,22486800,0.000000
3260,32.600062,5901.096597880,5901.096597880,16067,22493800,0.000000
3261,32.610046,5901.106582371,5901.106582371,16072,22500800,0.000000
3262,32.620080,5901.116616425,5901.116616425,16077,22507800,0.000000
3263,32.630070,5901.126605840,5901.126605840,16081,22513400,0.000000
3264,32.640067,5901.136603237,5901.136603237,16086,22520400,0.000000
3265,32.650064,5901.146600189,5901.146600189,16091,22527400,0.000000
3266,32.660066,5901.156601833,5901.156601833,16096,22534400,0.000000
3267,32.670060,5901.166596223,5901.166596223,16101,22541400,0.000000
3268,32.680064,5901.176600504,5901.176600504,16106,22548400,0.000000
3269,32.690066,5901.186602191,5901.186602191,16111,22555400,0.000000
3270,32.700064,5901.196600226,5901.196600226,16116,22562400,0.000000
3271,32.710063,5901.206599011,5901.206599011,16121,22569400,0.000000
3272,32.720064,5901.216599644,5901.216599644,16126,22576400,0.000000
3273,32.730063,5901.226598674,5901.226598674,16131,22583400,0.000000
3274,32.740063,5901.236599467,5901.236599467,16136,22590400,0.000000
3275,32.750053,5901.246588865,5901.246588865,16141,22597400,0.000000
3276,32.760036,5901.256572532,5901.256572532,16146,22604400,0.000000
3277,32.770066,5901.266602152,5901.266602152,16150,22610000,0.000000
3278,32.780066,5901.276602138,5901.276602138,16155,22617000,0.000000
3279,32.790046,5901.286581833,5901.286581833,16160,22624000,0.000000
3280,32.800080,5901.296616506,5901.296616506,16165,22631000,0.000000
3281,32.810070,5901.306605634,5901.306605634,16170,22638000,0.000000
3282,32.820071,5901.316606835,5901.316606835,16175,22645000,0.000000
3283,32.830068,5901.326604483,5901.326604483,16180,22652000,0.000000
3284,32.840041,5901.336577549,5901.336577549,16185,22659000,0.000000
3285,32.850070,5901.346606064,5901.346606064,16190,22666000,0.000000
3286,32.860063,5901.356599331,5901.356599331,16195,22673000,0.000000
3287,32.870078,5901.366614424,5901.366614424,16200,22680000,0.000000
3288,32.880063,5901.376598883,5901.376598883,16205,22687000,0.000000
3289,32.890062,5901.386597923,5901.386597923,16210,22694000,0.000000
3290,32.900078,5901.396613657,5901.396613657,16215,22701000,0.000000
3291,32.910065,5901.406600653,5901.406600653,16219,22706600,0.000000
3292,32.920063,5901.416598625,5901.416598625,16224,22713600,0.000000
3293,32.930044,5901.426580450,5901.426580450,16229,22720600,0.000000
3294,32.940063,5901.436598823,5901.436598823,16234,22727600,0.000000
3295,32.950062,5901.446597751,5901.446597751,16239,22734600,0.000000
3296,32.960068,5901.456604493,5901.456604493,16244,22741600,0.000000
3297,32.970067,5901.466602639,5901.466602639,16249,22748600,0.000000
3298,32.980087,5901.476622698,5901.476622698,16254,22755600,0.000000
3299,32.990573,5901.487109406,5901.487109406,16259,22762600,0.000000
3300,33.000063,5901.496599199,5901.496599199,16264,22769600,0.000000
3301,33.010063,5901.506598750,5901.506598750,16269,22776600,0.000000
3302,33.020064,5901.516600366,5901.516600366,16274,22783600,0.000000
3303,33.030046,5901.526581926,5901.526581926,16279,22790600,0.000000
3304,33.040076,5901.536612416,5901.536612416,16284,22797600,0.000000
3305,33.050065,5901.546601572,5901.546601572,16288,22803200,0.000000
3306,33.060067,5901.556603128,5901.556603128,16293,22810200,0.000000
3307,33.070069,5901.566605182,5901.566605182,16298,22817200,0.000000
3308,33.080068,5901.576604372,5901.576604372,16303,22824200,0.000000
3309,33.090068,5901.586603868,5901.586603868,16308,22831200,0.000000
3310,33.100070,5901.596606492,5901.596606492,16313,22838200,0.000000
3311,33.110066,5901.606602138,5901.606602138,16318,22845200,0.000000
3312,33.120085,5901.616620677,5901.616620677,16323,22852200,0.000000
3313,33.130068,5901.626604612,5901.626604612,16328,22859200,0.000000
3314,33.140072,5901.636608601,5901.636608601,16333,22866200,0.000000
3315,33.150067,5901.646602713,5901.646602713,16338,22873200,0.000000
3316,33.160063,5901.656599431,5901.656599431,16343,22880200,0.000000
3317,33.170070,5901.666606606,5901.666606606,16348,22887200,0.000000
3318,33.180080,5901.676616459,5901.676616459,16353,22894200,0.000000
3319,33.190071,5901.686607386,5901.686607386,16357,22899800,0.000000
3320,33.200068,5901.696604194,5901.696604194,16362,22906800,0.000000
3321,33.210071,5901.706607528,5901.706607528,16367,22913800,0.000000
3322,33.220070,5901.716606055,5901.716606055,16372,22920800,0.000000
3323,33.230059,5901.726595271,5901.726595271,16377,22927800,0.000000
3324,33.240059,5901.736594826,5901.736594826,16382,22934800,0.000000
3325,33.250065,5901.746601356,5901.746601356,16387,22941800,0.000000
3326,33.260069,5901.756605008,5901.756605008,16392,22948800,0.000000
3327,33.270059,5901.766594876,5901.766594876,16397,22955800,0.000000
3328,33.280071,5901.776607039,5901.776607039,16402,22962800,0.000000
3329,33.290062,5901.786598610,5901.786598610,16407,22969800,0.000000
3330,33.300067,5901.796602730,5901.796602730,16412,22976800,0.000000
3331,33.310039,5901.806575339,5901.806575339,16417,22983800,0.000000
3332,33.320076,5901.816611773,5901.816611773,16422,22990800,0.000000
3333,33.330067,5901.826602860,5901.826602860,16426,22996400,0.000000
3334,33.340033,5901.836568822,5901.836568822,16431,23003400,0.000000
3335,33.350065,5901.846601397,5901.846601397,16436,23010400,0.000000
3336,33.360063,5901.856599438,5901.856599438,16441,23017400,0.000000
3337,33.370014,5901.866550381,5901.866550381,16446,23024400,0.000000
3338,33.380028,5901.876564110,5901.876564110,16451,23031400,0.000000
3339,33.390064,5901.886600526,5901.886600526,16456,23038400,0.000000
3340,33.400066,5901.896602239,5901.896602239,16461,23045400,0.000000
3341,33.410015,5901.906551469,5901.906551469,16466,23052400,0.000000
3342,33.420066,5901.916601850,5901.916601850,16471,23059400,0.000000
3343,33.430065,5901.926601029,5901.926601029,16476,23066400,0.000000
3344,33.440063,5901.936599547,5901.936599547,16481,23073400,0.000000
3345,33.450047,5901.946583213,5901.946583213,16486,23080400,0.000000
3346,33.460077,5901.956612628,5901.956612628,16491,23087400,0.000000
3347,33.470070,5901.966606301,5901.966606301,16495,23093000,0.000000
3348,33.480060,5901.976595853,5901.976595853,16500,23100000,0.000000
3349,33.490058,5901.986594198,5901.986594198,16505,23107000,0.000000
3350,33.500067,5901.996603269,5901.996603269,16510,23114000,0.000000
3351,33.510059,5902.006595606,5902.006595606,16515,23121000,0.000000
3352,33.520065,5902.016600737,5902.016600737,16520,23128000,0.000000
3353,33.530064,5902.026600124,5902.026600124,16525,23135000,0.000000
3354,33.540064,5902.036600550,5902.036600550,16530,23142000,0.000000
3355,33.550033,5902.046569131,5902.046569131,16535,23149000,0.000000
3356,33.560032,5902.056567791,5902.056567791,16540,23156000,0.000000
3357,33.570062,5902.066598491,5902.066598491,16545,23163000,0.000000
3358,33.580026,5902.076562517,5902.076562517,16550,23170000,0.000000
3359,33.590040,5902.086576408,5902.086576408,16555,23177000,0.000000
3360,33.600073,5902.096608980,5902.096608980,16560,23184000,0.000000
3361,33.610068,5902.106603716,5902.106603716,16564,23189600,0.000000
3362,33.620048,5902.116583928,5902.116583928,16569,23196600,0.000000
3363,33.630037,5902.126573501,5902.126573501,16574,23203600,0.000000
3364,33.640070,5902.136605665,5902.136605665,16579,23210600,0.000000
3365,33.650064,5902.146600552,5902.146600552,16584,23217600,0.000000
3366,33.660059,5902.156595540,5902.156595540,16589,23224600,0.000000
3367,33.670066,5902.166602320,5902.166602320,16594,23231600,0.000000
3368,33.680060,5902.176596056,5902.176596056,16599,23238600,0.000000
3369,33.690015,5902.186551434,5902.186551434,16604,23245600,0.000000
3370,33.700060,5902.196595851,5902.196595851,16609,23252600,0.000000
3371,33.710065,5902.206601229,5902.206601229,16614,23259600,0.000000
3372,33.720060,5902.216595652,5902.216595652,16619,23266600,0.000000
3373,33.730042,5902.226578476,5902.226578476,16624,23273600,0.000000
3374,33.740078,5902.236614256,5902.236614256,16629,23280600,0.000000
3375,33.750067,5902.246603097,5902.246603097,16633,23286200,0.000000
3376,33.760059,5902.256595345,5902.256595345,16638,23293200,0.000000
3377,33.770066,5902.266601979,5902.266601979,16643,23300200,0.000000
3378,33.780064,5902.276600113,5902.276600113,16648,23307200,0.000000
3379,33.790061,5902.286597583,5902.286597583,16653,23314200,0.000000
3380,33.800063,5902.296598896,5902.296598896,16658,23321200,0.000000
3381,33.810064,5902.306600058,5902.306600058,16663,23328200,0.000000
3382,33.820068,5902.316604295,5902.316604295,16668,23335200,0.000000
3383,33.830020,5902.326556143,5902.326556143,16673,23342200,0.000000
3384,33.840062,5902.336598526,5902.336598526,16678,23349200,0.000000
3385,33.850062,5902.346597727,5902.346597727,16683,23356200,0.000000
3386,33.860062,5902.356597649,5902.356597649,16688,23363200,0.000000
3387,33.870041,5902.366577359,5902.366577359,16693,23370200,0.000000
3388,33.880073,5902.376609007,5902.376609007,16698,23377200,0.000000
3389,33.890066,5902.386602073,5902.386602073,16702,23382800,0.000000
3390,33.900021,5902.396557120,5902.396557120,16707,23389800,0.000000
3391,33.910070,5902.406606516,5902.406606516,16712,23396800,0.000000
3392,33.920065,5902.416601425,5902.416601425,16717,23403800,0.000000
3393,33.930067,5902.426602665,5902.426602665,16722,23410800,0.000000
3394,33.940068,5902.436604406,5902.436604406,16727,23417800,0.000000
3395,33.950068,5902.446603720,5902.446603720,16732,23424800,0.000000
3396,33.960066,5902.456602465,5902.456602465,16737,23431800,0.000000
3397,33.970075,5902.466610729,5902.466610729,16742,23438800,0.000000
3398,33.980068,5902.476604101,5902.476604101,16747,23445800,0.000000
3399,33.990065,5902.486601133,5902.486601133,16752,23452800,0.000000
3400,34.000058,5902.496594265,5902.496594265,16757,23459800,0.000000
3401,34.010040,5902.506575939,5902.506575939,16762,23466800,0.000000
3402,34.020072,5902.516608321,5902.516608321,16767,23473800,0.000000
3403,34.030063,5902.526599454,5902.526599454,16771,23479400,0.000000
3404,34.040072,5902.536607925,5902.536607925,16776,23486400,0.000000
3405,34.050066,5902.546602140,5902.546602140,16781,23493400,0.000000
3406,34.060065,5902.556601335,5902.556601335,16786,23500400,0.000000
3407,34.070065,5902.566601408,5902.566601408,16791,23507400,0.000000
3408,34.080069,5902.576604655,5902.576604655,16796,23514400,0.000000
3409,34.090066,5902.586601889,5902.586601889,16801,23521400,0.000000
3410,34.100079,5902.596615384,5902.596615384,16806,23528400,0.000000
3411,34.110063,5902.606599612,5902.606599612,16811,23535400,0.000000
3412,34.120063,5902.616598689,5902.616598689,16816,23542400,0.000000
3413,34.130062,5902.626598146,5902.626598146,16821,23549400,0.000000
3414,34.140068,5902.636604376,5902.636604376,16826,23556400,0.000000
3415,34.150047,5902.646583411,5902.646583411,16831,23563400,0.000000
3416,34.160080,5902.656616226,5902.656616226,16836,23570400,0.000000
3417,34.170095,5902.666631109,5902.666631109,16840,23576000,0.000000
3418,34.180067,5902.676603416,5902.676603416,16845,23583000,0.000000
3419,34.190071,5902.686607596,5902.686607596,16850,23590000,0.000000
3420,34.200066,5902.696602547,5902.696602547,16855,23597000,0.000000
3421,34.210064,5902.706599645,5902.706599645,16860,23604000,0.000000
3422,34.220071,5902.716606655,5902.716606655,16865,23611000,0.000000
3423,34.230066,5902.726602523,5902.726602523,16870,23618000,0.000000
3424,34.240067,5902.736603081,5902.736603081,16875,23625000,0.000000
3425,34.250073,5902.746609261,5902.746609261,16880,23632000,0.000000
3426,34.260065,5902.756600806,5902.756600806,16885,23639000,0.000000
3427,34.270063,5902.766598949,5902.766598949,16890,23646000,0.000000
3428,34.280063,5902.776598634,5902.776598634,16895,23653000,0.000000
3429,34.290042,5902.786577623,5902.786577623,16900,23660000,0.000000
3430,34.300072,5902.796607763,5902.796607763,16905,23667000,0.000000
3431,34.310064,5902.806600195,5902.806600195,16909,23672600,0.000000
3432,34.320063,5902.816598725,5902.816598725,16914,23679600,0.000000
3433,34.330067,5902.826603251,5902.826603251,16919,23686600,0.000000
3434,34.340067,5902.836602667,5902.836602667,16924,23693600,0.000000
3435,34.350065,5902.846600792,5902.846600792,16929,23700600,0.000000
3436,34.360066,5902.856602572,5902.856602572,16934,23707600,0.000000
3437,34.370064,5902.866599870,5902.866599870,16939,23714600,0.000000
3438,34.380068,5902.876604367,5902.876604367,16944,23721600,0.000000
3439,34.390071,5902.886607132,5902.886607132,16949,23728600,0.000000
3440,34.400067,5902.896603133,5902.896603133,16954,23735600,0.000000
3441,34.410062,5902.906598615,5902.906598615,16959,23742600,0.000000
3442,34.420064,5902.916600599,5902.916600599,16964,23749600,0.000000
3443,34.430046,5902.926581630,5902.926581630,16969,23756600,0.000000
3444,34.440075,5902.936610721,5902.936610721,16974,23763600,0.000000
3445,34.450071,5902.946607365,5902.946607365,16978,23769200,0.000000
3446,34.460063,5902.956598766,5902.956598766,16983,23776200,0.000000
3447,34.470069,5902.966605525,5902.966605525,16988,23783200,0.000000
3448,34.480065,5902.976601540,5902.976601540,16993,23790200,0.000000
3449,34.490067,5902.986602631,5902.986602631,16998,23797200,0.000000
3450,34.500069,5902.996605138,5902.996605138,17003,23804200,0.000000
3451,34.510066,5903.006602085,5903.006602085,17008,23811200,0.000000
3452,34.520070,5903.016605749,5903.016605749,17013,23818200,0.000000
3453,34.530065,5903.026600707,5903.026600707,17018,23825200,0.000000
3454,34.540067,5903.036602702,5903.036602702,17023,23832200,0.000000
3455,34.550065,5903.046600933,5903.046600933,17028,23839200,0.000000
3456,34.560064,5903.056600233,5903.056600233,17033,23846200,0.000000
3457,34.570041,5903.066576987,5903.066576987,17038,23853200,0.000000
3458,34.580074,5903.076610211,5903.076610211,17043,23860200,0.000000
3459,34.590065,5903.086601561,5903.086601561,17047,23865800,0.000000
3460,34.600048,5903.096584098,5903.096584098,17052,23872800,0.000000
3461,34.610059,5903.106595429,5903.106595429,17057,23879800,0.000000
3462,34.620067,5903.116603564,5903.116603564,17062,23886800,0.000000
3463,34.630064,5903.126599674,5903.126599674,17067,23893800,0.000000
3464,34.640064,5903.136599982,5903.136599982,17072,23900800,0.000000
3465,34.650064,5903.146599727,5903.146599727,17077,23907800,0.000000
3466,34.660064,5903.156600343,5903.156600343,17082,23914800,0.000000
3467,34.670022,5903.166557652,5903.166557652,17087,23921800,0.000000
3468,34.680065,5903.176600759,5903.176600759,17092,23928800,0.000000
3469,34.690064,5903.186600452,5903.186600452,17097,23935800,0.000000
3470,34.700069,5903.196605345,5903.196605345,17102,23942800,0.000000
3471,34.710039,5903.206575546,5903.206575546,17107,23949800,0.000000
3472,34.720077,5903.216612965,5903.216612965,17112,23956800,0.000000
3473,34.730067,5903.226603483,5903.226603483,17116,23962400,0.000000
3474,34.740067,5903.236603261,5903.236603261,17121,23969400,0.000000
3475,34.750066,5903.246602084,5903.246602084,17126,23976400,0.000000
3476,34.760066,5903.256602392,5903.256602392,17131,23983400,0.000000
3477,34.770065,5903.266601061,5903.266601061,17136,23990400,0.000000
3478,34.780064,5903.276599672,5903.276599672,17141,23997400,0.000000
3479,34.790065,5903.286601145,5903.286601145,17146,24004400,0.000000
3480,34.800070,5903.296606071,5903.296606071,17151,24011400,0.000000
3481,34.810048,5903.306584459,5903.306584459,17156,24018400,0.000000
3482,34.820023,5903.316559096,5903.316559096,17161,24025400,0.000000
3483,34.830065,5903.326601235,5903.326601235,17166,24032400,0.000000
3484,34.840063,5903.336599609,5903.336599609,17171,24039400,0.000000
3485,34.850060,5903.346596325,5903.346596325,17176,24046400,0.000000
3486,34.860077,5903.356612701,5903.356612701,17181,24053400,0.000000
3487,34.870067,5903.366602627,5903.366602627,17185,24059000,0.000000
3488,34.880068,5903.376603897,5903.376603897,17190,24066000,0.000000
3489,34.890061,5903.386596683,5903.386596683,17195,24073000,0.000000
3490,34.900063,5903.396598951,5903.396598951,17200,24080000,0.000000
3491,34.910069,5903.406605592,5903.406605592,17205,24087000,0.000000
3492,34.920067,5903.416602798,5903.416602798,17210,24094000,0.000000
3493,34.930067,5903.426603394,5903.426603394,17215,24101000,0.000000
3494,34.940063,5903.436599325,5903.436599325,17220,24108000,0.000000
3495,34.950070,5903.446605763,5903.446605763,17225,24115000,0.000000
3496,34.960062,5903.456598006,5903.456598006,17230,24122000,0.000000
3497,34.970067,5903.466603205,5903.466603205,17235,24129000,0.000000
3498,34.980062,5903.476598063,5903.476598063,17240,24136000,0.000000
3499,34.990043,5903.486579270,5903.486579270,17245,24143000,0.000000
3500,35.000078,5903.496613940,5903.496613940,17250,24150000,0.000000
3501,35.010074,5903.506609912,5903.506609912,17254,24155600,0.000000
3502,35.020075,5903.516610937,5903.516610937,17259,24162600,0.000000
3503,35.030068,5903.526603938,5903.526603938,17264,24169600,0.000000
3504,35.040071,5903.536606965,5903.536606965,17269,24176600,0.000000
3505,35.050068,5903.546604590,5903.546604590,17274,24183600,0.000000
3506,35.060069,5903.556604941,5903.556604941,17279,24190600,0.000000
3507,35.070068,5903.566603919,5903.566603919,17284,24197600,0.000000
3508,35.080066,5903.576602483,5903.576602483,17289,24204600,0.000000
3509,35.090071,5903.586606882,5903.586606882,17294,24211600,0.000000
3510,35.100065,5903.596601331,5903.596601331,17299,24218600,0.000000
3511,35.110066,5903.606601678,5903.606601678,17304,24225600,0.000000
3512,35.120064,5903.616600280,5903.616600280,17309,24232600,0.000000
3513,35.130071,5903.626606851,5903.626606851,17314,24239600,0.000000
3514,35.140083,5903.636619463,5903.636619463,17319,24246600,0.000000
3515,35.150073,5903.646609150,5903.646609150,17323,24252200,0.000000
3516,35.160070,5903.656606591,5903.656606591,17328,24259200,0.000000
3517,35.170077,5903.666613518,5903.666613518,17333,24266200,0.000000
3518,35.180070,5903.676605830,5903.676605830,17338,24273200,0.000000
3519,35.190070,5903.686606286,5903.686606286,17343,24280200,0.000000
3520,35.200069,5903.696605224,5903.696605224,17348,24287200,0.000000
3521,35.210065,5903.706600723,5903.706600723,17353,24294200,0.000000
3522,35.220065,5903.716601248,5903.716601248,17358,24301200,0.000000
3523,35.230069,5903.726605531,5903.726605531,17363,24308200,0.000000
3524,35.240030,5903.736565642,5903.736565642,17368,24315200,0.000000
3525,35.250062,5903.746598433,5903.746598433,17373,24322200,0.000000
3526,35.260068,5903.756604309,5903.756604309,17378,24329200,0.000000
3527,35.270049,5903.766585291,5903.766585291,17383,24336200,0.000000
3528,35.280083,5903.776618957,5903.776618957,17388,24343200,0.000000
3529,35.290066,5903.786602102,5903.786602102,17392,24348800,0.000000
3530,35.300068,5903.796603911,5903.796603911,17397,24355800,0.000000
3531,35.310029,5903.806565039,5903.806565039,17402,24362800,0.000000
3532,35.320065,5903.816601245,5903.816601245,17407,24369800,0.000000
3533,35.330070,5903.826606179,5903.826606179,17412,24376800,0.000000
3534,35.340069,5903.836605518,5903.836605518,17417,24383800,0.000000
3535,35.350066,5903.846602260,5903.846602260,17422,24390800,0.000000
3536,35.360070,5903.856606424,5903.856606424,17427,24397800,0.000000
3537,35.370072,5903.866607947,5903.866607947,17432,24404800,0.000000
3538,35.380062,5903.876598189,5903.876598189,17437,24411800,0.000000
3539,35.390064,5903.886599881,5903.886599881,17442,24418800,0.000000
3540,35.400063,5903.896598645,5903.896598645,17447,24425800,0.000000
3541,35.410046,5903.906582150,5903.906582150,17452,24432800,0.000000
3542,35.420081,5903.916616783,5903.916616783,17457,24439800,0.000000
3543,35.430074,5903.926609814,5903.926609814,17461,24445400,0.000000
3544,35.440069,5903.936605366,5903.936605366,17466,24452400,0.000000
3545,35.450067,5903.946602799,5903.946602799,17471,24459400,0.000000
3546,35.460066,5903.956601747,5903.956601747,17476,24466400,0.000000
3547,35.470068,5903.966604228,5903.966604228,17481,24473400,0.000000
3548,35.480013,5903.976548913,5903.976548913,17486,24480400,0.000000
3549,35.490068,5903.986603799,5903.986603799,17491,24487400,0.000000
3550,35.500067,5903.996603000,5903.996603000,17496,24494400,0.000000
3551,35.510076,5904.006611661,5904.006611661,17501,24501400,0.000000
3552,35.520030,5904.016566310,5904.016566310,17506,24508400,0.000000
3553,35.530065,5904.026600783,5904.026600783,17511,24515400,0.000000
3554,35.540063,5904.036598815,5904.036598815,17516,24522400,0.000000
3555,35.550050,5904.046586541,5904.046586541,17521,24529400,0.000000
3556,35.560081,5904.056616937,5904.056616937,17526,24536400,0.000000
3557,35.570067,5904.066602816,5904.066602816,17530,24542000,0.000000
3558,35.580066,5904.076602257,5904.076602257,17535,24549000,0.000000
3559,35.590029,5904.086565354,5904.086565354,17540,24556000,0.000000
3560,35.600066,5904.096602471,5904.096602471,17545,24563000,0.000000
3561,35.610061,5904.106597130,5904.106597130,17550,24570000,0.000000
3562,35.620102,5904.116638438,5904.116638438,17555,24577000,0.000000
3563,35.630065,5904.126601051,5904.126601051,17560,24584000,0.000000
3564,35.640072,5904.136608229,5904.136608229,17565,24591000,0.000000
3565,35.650069,5904.146605155,5904.146605155,17570,24598000,0.000000
3566,35.660065,5904.156601073,5904.156601073,17575,24605000,0.000000
3567,35.670063,5904.166599131,5904.166599131,17580,24612000,0.000000
3568,35.680075,5904.176611283,5904.176611283,17585,24619000,0.000000
3569,35.690043,5904.186579578,5904.186579578,17590,24626000,0.000000
3570,35.700050,5904.196586596,5904.196586596,17595,24633000,0.000000
3571,35.710064,5904.206599774,5904.206599774,17599,24638600,0.000000
3572,35.720061,5904.216597453,5904.216597453,17604,24645600,0.000000
3573,35.730066,5904.226601748,5904.226601748,17609,24652600,0.000000
3574,35.740065,5904.236600805,5904.236600805,17614,24659600,0.000000
3575,35.750068,5904.246603832,5904.246603832,17619,24666600,0.000000
3576,35.760065,5904.256600625,5904.256600625,17624,24673600,0.000000
3577,35.770064,5904.266599673,5904.266599673,17629,24680600,0.000000
3578,35.780064,5904.276599706,5904.276599706,17634,24687600,0.000000
3579,35.790058,5904.286593998,5904.286593998,17639,24694600,0.000000
3580,35.800063,5904.296598726,5904.296598726,17644,24701600,0.000000
3581,35.810063,5904.306598849,5904.306598849,17649,24708600,0.000000
3582,35.820068,5904.316604565,5904.316604565,17654,24715600,0.000000
3583,35.830034,5904.326570194,5904.326570194,17659,24722600,0.000000
3584,35.840077,5904.336612830,5904.336612830,17664,24729600,0.000000
3585,35.850071,5904.346607255,5904.346607255,17668,24735200,0.000000
3586,35.860068,5904.356604390,5904.356604390,17673,24742200,0.000000
3587,35.870069,5904.366604809,5904.366604809,17678,24749200,0.000000
3588,35.880069,5904.376605328,5904.376605328,17683,24756200,0.000000
3589,35.890067,5904.386603528,5904.386603528,17688,24763200,0.000000
3590,35.900059,5904.396594966,5904.396594966,17693,24770200,0.000000
3591,35.910066,5904.406602242,5904.406602242,17698,24777200,0.000000
3592,35.920066,5904.416602377,5904.416602377,17703,24784200,0.000000
3593,35.930076,5904.426611905,5904.426611905,17708,24791200,0.000000
3594,35.940064,5904.436599867,5904.436599867,17713,24798200,0.000000
3595,35.950072,5904.446608541,5904.446608541,17718,24805200,0.000000
3596,35.960064,5904.456599748,5904.456599748,17723,24812200,0.000000
3597,35.970009,5904.466544977,5904.466544977,17728,24819200,0.000000
3598,35.980074,5904.476610066,5904.476610066,17733,24826200,0.000000
3599,35.990067,5904.486603489,5904.486603489,17737,24831800,0.000000
3600,36.000068,5904.496603820,5904.496603820,17742,24838800,0.000000
3601,36.010090,5904.506626611,5904.506626611,17747,24845800,0.000000
3602,36.020074,5904.516609664,5904.516609664,17752,24852800,0.000000
3603,36.030068,5904.526604316,5904.526604316,17757,24859800,0.000000
3604,36.040074,5904.536609978,5904.536609978,17762,24866800,0.000000
3605,36.050068,5904.546603702,5904.546603702,17767,24873800,0.000000
3606,36.060072,5904.556607950,5904.556607950,17772,24880800,0.000000
3607,36.070035,5904.566571142,5904.566571142,17777,24887800,0.000000
3608,36.080036,5904.576572551,5904.576572551,17782,24894800,0.000000
3609,36.090062,5904.586598554,5904.586598554,17787,24901800,0.000000
3610,36.100062,5904.596598345,5904.596598345,17792,24908800,0.000000
3611,36.110085,5904.606620822,5904.606620822,17797,24915800,0.000000
3612,36.120081,5904.616616899,5904.616616899,17802,24922800,0.000000
3613,36.130069,5904.626604946,5904.626604946,17806,24928400,0.000000
3614,36.140074,5904.636609683,5904.636609683,17811,24935400,0.000000
3615,36.150066,5904.646602509,5904.646602509,17816,24942400,0.000000
3616,36.160067,5904.656602942,5904.656602942,17821,24949400,0.000000
3617,36.170068,5904.666603645,5904.666603645,17826,24956400,0.000000
3618,36.180074,5904.676609902,5904.676609902,17831,24963400,0.000000
3619,36.190067,5904.686602821,5904.686602821,17836,24970400,0.000000
3620,36.200094,5904.696629950,5904.696629950,17841,24977400,0.000000
3621,36.210070,5904.706606281,5904.706606281,17846,24984400,0.000000
3622,36.220063,5904.716599096,5904.716599096,17851,24991400,0.000000
3623,36.230063,5904.726599034,5904.726599034,17856,24998400,0.000000
3624,36.240063,5904.736599062,5904.736599062,17861,25005400,0.000000
3625,36.250050,5904.746585705,5904.746585705,17866,25012400,0.000000
3626,36.260111,5904.756646949,5904.756646949,17871,25019400,0.000000
3627,36.270068,5904.766604610,5904.766604610,17875,25025000,0.000000
3628,36.280066,5904.776602454,5904.776602454,17880,25032000,0.000000
3629,36.290067,5904.786602646,5904.786602646,17885,25039000,0.000000
3630,36.300086,5904.796621990,5904.796621990,17890,25046000,0.000000
3631,36.310064,5904.806599862,5904.806599862,17895,25053000,0.000000
3632,36.320063,5904.816599406,5904.816599406,17900,25060000,0.000000
3633,36.330063,5904.826599122,5904.826599122,17905,25067000,0.000000
3634,36.340065,5904.836601200,5904.836601200,17910,25074000,0.000000
3635,36.350067,5904.846602710,5904.846602710,17915,25081000,0.000000
3636,36.360066,5904.856602311,5904.856602311,17920,25088000,0.000000
3637,36.370063,5904.866598762,5904.866598762,17925,25095000,0.000000
3638,36.380062,5904.876598094,5904.876598094,17930,25102000,0.000000
3639,36.390057,5904.886592840,5904.886592840,17935,25109000,0.000000
3640,36.400088,5904.896624280,5904.896624280,17940,25116000,0.000000
3641,36.410068,5904.906603896,5904.906603896,17944,25121600,0.000000
3642,36.420069,5904.916605176,5904.916605176,17949,25128600,0.000000
3643,36.430060,5904.926595659,5904.926595659,17954,25135600,0.000000
3644,36.440066,5904.936601665,5904.936601665,17959,25142600,0.000000
3645,36.450067,5904.946603166,5904.946603166,17964,25149600,0.000000
3646,36.460065,5904.956600812,5904.956600812,17969,25156600,0.000000
3647,36.470065,5904.966601101,5904.966601101,17974,25163600,0.000000
3648,36.480066,5904.976602093,5904.976602093,17979,25170600,0.000000
3649,36.490031,5904.986567227,5904.986567227,17984,25177600,0.000000
3650,36.500068,5904.996604178,5904.996604178,17989,25184600,0.000000
3651,36.510065,5905.006601231,5905.006601231,17994,25191600,0.000000
3652,36.520060,5905.016595675,5905.016595675,17999,25198600,0.000000
3653,36.530053,5905.026589451,5905.026589451,18004,25205600,0.000000
3654,36.540076,5905.036612082,5905.036612082,18009,25212600,0.000000
3655,36.550071,5905.046606802,5905.046606802,18013,25218200,0.000000
3656,36.560067,5905.056603329,5905.056603329,18018,25225200,0.000000
3657,36.570072,5905.066607966,5905.066607966,18023,25232200,0.000000
3658,36.580067,5905.076602975,5905.076602975,18028,25239200,0.000000
3659,36.590067,5905.086602751,5905.086602751,18033,25246200,0.000000
3660,36.600081,5905.096617428,5905.096617428,18038,25253200,0.000000
3661,36.610068,5905.106603943,5905.106603943,18043,25260200,0.000000
3662,36.620070,5905.116606192,5905.116606192,18048,25267200,0.000000
3663,36.630035,5905.126570752,5905.126570752,18053,25274200,0.000000
3664,36.640063,5905.136599422,5905.136599422,18058,25281200,0.000000
3665,36.650081,5905.146617403,5905.146617403,18063,25288200,0.000000
3666,36.660081,5905.156616848,5905.156616848,18068,25295200,0.000000
3667,36.670055,5905.166591351,5905.166591351,18073,25302200,0.000000
3668,36.680078,5905.176614220,5905.176614220,18078,25309200,0.000000
3669,36.690066,5905.186602053,5905.186602053,18082,25314800,0.000000
3670,36.700067,5905.196603197,5905.196603197,18087,25321800,0.000000
3671,36.710066,5905.206602326,5905.206602326,18092,25328800,0.000000
3672,36.720070,5905.216606556,5905.216606556,18097,25335800,0.000000
3673,36.730067,5905.226602862,5905.226602862,18102,25342800,0.000000
3674,36.740071,5905.236607021,5905.236607021,18107,25349800,0.000000
3675,36.750065,5905.246600817,5905.246600817,18112,25356800,0.000000
3676,36.760068,5905.256604247,5905.256604247,18117,25363800,0.000000
3677,36.770068,5905.266604534,5905.266604534,18122,25370800,0.000000
3678,36.780068,5905.276603671,5905.276603671,18127,25377800,0.000000
3679,36.790065,5905.286601552,5905.286601552,18132,25384800,0.000000
3680,36.800063,5905.296599028,5905.296599028,18137,25391800,0.000000
3681,36.810030,5905.306566395,5905.306566395,18142,25398800,0.000000
3682,36.820078,5905.316614428,5905.316614428,18147,25405800,0.000000
3683,36.830064,5905.326600535,5905.326600535,18151,25411400,0.000000
3684,36.840029,5905.336564641,5905.336564641,18156,25418400,0.000000
3685,36.850070,5905.346606470,5905.346606470,18161,25425400,0.000000
3686,36.860065,5905.356600989,5905.356600989,18166,25432400,0.000000
3687,36.870087,5905.366623481,5905.366623481,18171,25439400,0.000000
3688,36.880074,5905.376609733,5905.376609733,18176,25446400,0.000000
3689,36.890065,5905.386601338,5905.386601338,18181,25453400,0.000000
3690,36.900082,5905.396618028,5905.396618028,18186,25460400,0.000000
3691,36.910067,5905.406602825,5905.406602825,18191,25467400,0.000000
3692,36.920067,5905.416603037,5905.416603037,18196,25474400,0.000000
3693,36.930063,5905.426599095,5905.426599095,18201,25481400,0.000000
3694,36.940064,5905.436599812,5905.436599812,18206,25488400,0.000000
3695,36.950061,5905.446596739,5905.446596739,18211,25495400,0.000000
3696,36.960086,5905.456621628,5905.456621628,18216,25502400,0.000000
3697,36.970083,5905.466618864,5905.466618864,18220,25508000,0.000000
3698,36.980076,5905.476612252,5905.476612252,18225,25515000,0.000000
3699,36.990070,5905.486606480,5905.486606480,18230,25522000,0.000000
3700,37.000064,5905.496600210,5905.496600210,18235,25529000,0.000000
3701,37.010066,5905.506601821,5905.506601821,18240,25536000,0.000000
3702,37.020065,5905.516601200,5905.516601200,18245,25543000,0.000000
3703,37.030068,5905.526604452,5905.526604452,18250,25550000,0.000000
3704,37.040049,5905.536584636,5905.536584636,18255,25557000,0.000000
3705,37.050075,5905.546610792,5905.546610792,18260,25564000,0.000000
3706,37.060069,5905.556605095,5905.556605095,18265,25571000,0.000000
3707,37.070063,5905.566598782,5905.566598782,18270,25578000,0.000000
3708,37.080064,5905.576600056,5905.576600056,18275,25585000,0.000000
3709,37.090047,5905.586582684,5905.586582684,18280,25592000,0.000000
3710,37.100078,5905.596613619,5905.596613619,18285,25599000,0.000000
3711,37.110069,5905.606605007,5905.606605007,18289,25604600,0.000000
3712,37.120071,5905.616606658,5905.616606658,18294,25611600,0.000000
3713,37.130065,5905.626600681,5905.626600681,18299,25618600,0.000000
3714,37.140066,5905.636601762,5905.636601762,18304,25625600,0.000000
3715,37.150069,5905.646605137,5905.646605137,18309,25632600,0.000000
3716,37.160066,5905.656602265,5905.656602265,18314,25639600,0.000000
3717,37.170066,5905.666602260,5905.666602260,18319,25646600,0.000000
3718,37.180076,5905.676611995,5905.676611995,18324,25653600,0.000000
3719,37.190067,5905.686603124,5905.686603124,18329,25660600,0.000000
3720,37.200066,5905.696601736,5905.696601736,18334,25667600,0.000000
3721,37.210064,5905.706599758,5905.706599758,18339,25674600,0.000000
3722,37.220030,5905.716565639,5905.716565639,18344,25681600,0.000000
3723,37.230079,5905.726615305,5905.726615305,18349,25688600,0.000000
3724,37.240086,5905.736622133,5905.736622133,18354,25695600,0.000000
3725,37.250083,5905.746619210,5905.746619210,18358,25701200,0.000000
3726,37.260076,5905.756612377,5905.756612377,18363,25708200,0.000000
3727,37.270069,5905.766604903,5905.766604903,18368,25715200,0.000000
3728,37.280067,5905.776602740,5905.776602740,18373,25722200,0.000000
3729,37.290069,5905.786605249,5905.786605249,18378,25729200,0.000000
3730,37.300073,5905.796609094,5905.796609094,18383,25736200,0.000000
3731,37.310071,5905.806606954,5905.806606954,18388,25743200,0.000000
3732,37.320059,5905.816595300,5905.816595300,18393,25750200,0.000000
3733,37.330064,5905.826600229,5905.826600229,18398,25757200,0.000000
3734,37.340061,5905.836596917,5905.836596917,18403,25764200,0.000000
3735,37.350073,5905.846609118,5905.846609118,18408,25771200,0.000000
3736,37.360063,5905.856599128,5905.856599128,18413,25778200,0.000000
3737,37.370045,5905.866581072,5905.866581072,18418,25785200,0.000000
3738,37.380075,5905.876611419,5905.876611419,18423,25792200,0.000000
3739,37.390065,5905.886601445,5905.886601445,18427,25797800,0.000000
3740,37.400065,5905.896600782,5905.896600782,18432,25804800,0.000000
3741,37.410073,5905.906608746,5905.906608746,18437,25811800,0.000000
3742,37.420065,5905.916601551,5905.916601551,18442,25818800,0.000000
3743,37.430065,5905.926601312,5905.926601312,18447,25825800,0.000000
3744,37.440064,5905.936600087,5905.936600087,18452,25832800,0.000000
3745,37.450030,5905.946566540,5905.946566540,18457,25839800,0.000000
3746,37.460064,5905.956600110,5905.956600110,18462,25846800,0.000000
3747,37.470067,5905.966602965,5905.966602965,18467,25853800,0.000000
3748,37.480064,5905.976599638,5905.976599638,18472,25860800,0.000000
3749,37.490064,5905.986600421,5905.986600421,18477,25867800,0.000000
3750,37.500067,5905.996603398,5905.996603398,18482,25874800,0.000000
3751,37.510059,5906.006595113,5906.006595113,18487,25881800,0.000000
3752,37.520078,5906.016614038,5906.016614038,18492,25888800,0.000000
3753,37.530068,5906.026604432,5906.026604432,18496,25894400,0.000000
3754,37.540070,5906.036606530,5906.036606530,18501,25901400,0.000000
3755,37.550072,5906.046608015,5906.046608015,18506,25908400,0.000000
3756,37.560075,5906.056610924,5906.056610924,18511,25915400,0.000000
3757,37.570069,5906.066605551,5906.066605551,18516,25922400,0.000000
3758,37.580074,5906.076610187,5906.076610187,18521,25929400,0.000000
3759,37.590068,5906.086604609,5906.086604609,18526,25936400,0.000000
3760,37.600067,5906.096602651,5906.096602651,18531,25943400,0.000000
3761,37.610073,5906.106608647,5906.106608647,18536,25950400,0.000000
3762,37.620069,5906.116604695,5906.116604695,18541,25957400,0.000000
3763,37.630065,5906.126600968,5906.126600968,18546,25964400,0.000000
3764,37.640070,5906.136606118,5906.136606118,18551,25971400,0.000000
3765,37.650057,5906.146593187,5906.146593187,18556,25978400,0.000000
3766,37.660077,5906.156613009,5906.156613009,18561,25985400,0.000000
3767,37.670068,5906.166603897,5906.166603897,18565,25991000,0.000000
3768,37.680075,5906.176611067,5906.176611067,18570,25998000,0.000000
3769,37.690068,5906.186604185,5906.186604185,18575,26005000,0.000000
3770,37.700079,5906.196614621,5906.196614621,18580,26012000,0.000000
3771,37.710068,5906.206604187,5906.206604187,18585,26019000,0.000000
3772,37.720071,5906.216606870,5906.216606870,18590,26026000,0.000000
3773,37.730067,5906.226602973,5906.226602973,18595,26033000,0.000000
3774,37.740064,5906.236599986,5906.236599986,18600,26040000,0.000000
3775,37.750065,5906.246600798,5906.246600798,18605,26047000,0.000000
3776,37.760063,5906.256599360,5906.256599360,18610,26054000,0.000000
3777,37.770059,5906.266594643,5906.266594643,18615,26061000,0.000000
3778,37.780064,5906.276600181,5906.276600181,18620,26068000,0.000000
3779,37.790048,5906.286583885,5906.286583885,18625,26075000,0.000000
3780,37.800075,5906.296611389,5906.296611389,18630,26082000,0.000000
3781,37.810066,5906.306602375,5906.306602375,18634,26087600,0.000000
3782,37.820071,5906.316606667,5906.316606667,18639,26094600,0.000000
3783,37.830067,5906.326603092,5906.326603092,18644,26101600,0.000000
3784,37.840065,5906.336601458,5906.336601458,18649,26108600,0.000000
3785,37.850062,5906.346597641,5906.346597641,18654,26115600,0.000000
3786,37.860067,5906.356603216,5906.356603216,18659,26122600,0.000000
3787,37.870066,5906.366602058,5906.366602058,18664,26129600,0.000000
3788,37.880065,5906.376601031,5906.376601031,18669,26136600,0.000000
3789,37.890067,5906.386603068,5906.386603068,18674,26143600,0.000000
3790,37.900076,5906.396612572,5906.396612572,18679,26150600,0.000000
3791,37.910065,5906.406600991,5906.406600991,18684,26157600,0.000000
3792,37.920063,5906.416599137,5906.416599137,18689,26164600,0.000000
3793,37.930056,5906.426592178,5906.426592178,18694,26171600,0.000000
3794,37.940082,5906.436618618,5906.436618618,18699,26178600,0.000000
3795,37.950065,5906.446601470,5906.446601470,18703,26184200,0.000000
3796,37.960075,5906.456611040,5906.456611040,18708,26191200,0.000000
3797,37.970070,5906.466605755,5906.466605755,18713,26198200,0.000000
3798,37.980078,5906.476614251,5906.476614251,18718,26205200,0.000000
3799,37.990074,5906.486610289,5906.486610289,18723,26212200,0.000000
3800,38.000069,5906.496605083,5906.496605083,18728,26219200,0.000000
3801,38.010063,5906.506599436,5906.506599436,18733,26226200,0.000000
3802,38.020064,5906.516599685,5906.516599685,18738,26233200,0.000000
3803,38.030077,5906.526613067,5906.526613067,18743,26240200,0.000000
3804,38.040066,5906.536602014,5906.536602014,18748,26247200,0.000000
3805,38.050064,5906.546600038,5906.546600038,18753,26254200,0.000000
3806,38.060064,5906.556600592,5906.556600592,18758,26261200,0.000000
3807,38.070052,5906.566587996,5906.566587996,18763,26268200,0.000000
3808,38.080074,5906.576610304,5906.576610304,18768,26275200,0.000000
3809,38.090069,5906.586605135,5906.586605135,18772,26280800,0.000000
3810,38.100060,5906.596596379,5906.596596379,18777,26287800,0.000000
3811,38.110065,5906.606600679,5906.606600679,18782,26294800,0.000000
3812,38.120064,5906.616600273,5906.616600273,18787,26301800,0.000000
3813,38.130060,5906.626595626,5906.626595626,18792,26308800,0.000000
3814,38.140016,5906.636552492,5906.636552492,18797,26315800,0.000000
3815,38.150066,5906.646601946,5906.646601946,18802,26322800,0.000000
3816,38.160066,5906.656601760,5906.656601760,18807,26329800,0.000000
3817,38.170068,5906.666604116,5906.666604116,18812,26336800,0.000000
3818,38.180064,5906.676600179,5906.676600179,18817,26343800,0.000000
3819,38.190062,5906.686598122,5906.686598122,18822,26350800,0.000000
3820,38.200062,5906.696598299,5906.696598299,18827,26357800,0.000000
3821,38.210040,5906.706576595,5906.706576595,18832,26364800,0.000000
3822,38.220076,5906.716612382,5906.716612382,18837,26371800,0.000000
3823,38.230068,5906.726604563,5906.726604563,18841,26377400,0.000000
3824,38.240024,5906.736559865,5906.736559865,18846,26384400,0.000000
3825,38.250061,5906.746596960,5906.746596960,18851,26391400,0.000000
3826,38.260067,5906.756603307,5906.756603307,18856,26398400,0.000000
3827,38.270062,5906.766597626,5906.766597626,18861,26405400,0.000000
3828,38.280063,5906.776598796,5906.776598796,18866,26412400,0.000000
3829,38.290066,5906.786601811,5906.786601811,18871,26419400,0.000000
3830,38.300064,5906.796600202,5906.796600202,18876,26426400,0.000000
3831,38.310015,5906.806551383,5906.806551383,18881,26433400,0.000000
3832,38.320063,5906.816598789,5906.816598789,18886,26440400,0.000000
3833,38.330068,5906.826603843,5906.826603843,18891,26447400,0.000000
3834,38.340068,5906.836604422,5906.836604422,18896,26454400,0.000000
3835,38.350048,5906.846584164,5906.846584164,18901,26461400,0.000000
3836,38.360083,5906.856618767,5906.856618767,18906,26468400,0.000000
3837,38.370067,5906.866603454,5906.866603454,18910,26474000,0.000000
3838,38.380035,5906.876571082,5906.876571082,18915,26481000,0.000000
3839,38.390067,5906.886603270,5906.886603270,18920,26488000,0.000000
3840,38.400076,5906.896612022,5906.896612022,18925,26495000,0.000000
3841,38.410066,5906.906602352,5906.906602352,18930,26502000,0.000000
3842,38.420074,5906.916610237,5906.916610237,18935,26509000,0.000000
3843,38.430067,5906.926602805,5906.926602805,18940,26516000,0.000000
3844,38.440071,5906.936607527,5906.936607527,18945,26523000,0.000000
3845,38.450066,5906.946601990,5906.946601990,18950,26530000,0.000000
3846,38.460065,5906.956601391,5906.956601391,18955,26537000,0.000000
3847,38.470065,5906.966600668,5906.966600668,18960,26544000,0.000000
3848,38.480064,5906.976600474,5906.976600474,18965,26551000,0.000000
3849,38.490060,5906.986596294,5906.986596294,18970,26558000,0.000000
3850,38.500079,5906.996614930,5906.996614930,18975,26565000,0.000000
3851,38.510070,5907.006605970,5907.006605970,18979,26570600,0.000000
3852,38.520074,5907.016610305,5907.016610305,18984,26577600,0.000000
3853,38.530082,5907.026618048,5907.026618048,18989,26584600,0.000000
3854,38.540065,5907.036600626,5907.036600626,18994,26591600,0.000000
3855,38.550062,5907.046597984,5907.046597984,18999,26598600,0.000000
3856,38.560064,5907.056600009,5907.056600009,19004,26605600,0.000000
3857,38.570066,5907.066602605,5907.066602605,19009,26612600,0.000000
3858,38.580069,5907.076605430,5907.076605430,19014,26619600,0.000000
3859,38.590068,5907.086604194,5907.086604194,19019,26626600,0.000000
3860,38.600065,5907.096601554,5907.096601554,19024,26633600,0.000000
3861,38.610063,5907.106599354,5907.106599354,19029,26640600,0.000000
3862,38.620066,5907.116601628,5907.116601628,19034,26647600,0.000000
3863,38.630043,5907.126579233,5907.126579233,19039,26654600,0.000000
3864,38.640079,5907.136614869,5907.136614869,19044,26661600,0.000000
3865,38.650069,5907.146605571,5907.146605571,19048,26667200,0.000000
3866,38.660081,5907.156616867,5907.156616867,19053,26674200,0.000000
3867,38.670073,5907.166609353,5907.166609353,19058,26681200,0.000000
3868,38.680065,5907.176600844,5907.176600844,19063,26688200,0.000000
3869,38.690069,5907.186605172,5907.186605172,19068,26695200,0.000000
3870,38.700022,5907.196558205,5907.196558205,19073,26702200,0.000000
3871,38.710066,5907.206601936,5907.206601936,19078,26709200,0.000000
3872,38.720069,5907.216605530,5907.216605530,19083,26716200,0.000000
3873,38.730064,5907.226599835,5907.226599835,19088,26723200,0.000000
3874,38.740066,5907.236601657,5907.236601657,19093,26730200,0.000000
3875,38.750065,5907.246601014,5907.246601014,19098,26737200,0.000000
3876,38.760064,5907.256599635,5907.256599635,19103,26744200,0.000000
3877,38.770053,5907.266589422,5907.266589422,19108,26751200,0.000000
3878,38.780081,5907.276617353,5907.276617353,19113,26758200,0.000000
3879,38.790065,5907.286601522,5907.286601522,19117,26763800,0.000000
3880,38.800064,5907.296599869,5907.296599869,19122,26770800,0.000000
3881,38.810072,5907.306608333,5907.306608333,19127,26777800,0.000000
3882,38.820066,5907.316602358,5907.316602358,19132,26784800,0.000000
3883,38.830059,5907.326594662,5907.326594662,19137,26791800,0.000000
3884,38.840064,5907.336599943,5907.336599943,19142,26798800,0.000000
3885,38.850059,5907.346595080,5907.346595080,19147,26805800,0.000000
3886,38.860064,5907.356600093,5907.356600093,19152,26812800,0.000000
3887,38.870060,5907.366595691,5907.366595691,19157,26819800,0.000000
3888,38.880068,5907.376603674,5907.376603674,19162,26826800,0.000000
3889,38.890079,5907.386615435,5907.386615435,19167,26833800,0.000000
3890,38.900061,5907.396597606,5907.396597606,19172,26840800,0.000000
3891,38.910091,5907.406627316,5907.406627316,19177,26847800,0.000000
3892,38.920089,5907.416624747,5907.416624747,19182,26854800,0.000000
3893,38.930069,5907.426605480,5907.426605480,19186,26860400,0.000000
3894,38.940066,5907.436601791,5907.436601791,19191,26867400,0.000000
3895,38.950063,5907.446598848,5907.446598848,19196,26874400,0.000000
3896,38.960063,5907.456599472,5907.456599472,19201,26881400,0.000000
3897,38.970066,5907.466602170,5907.466602170,19206,26888400,0.000000
3898,38.980071,5907.476607126,5907.476607126,19211,26895400,0.000000
3899,38.990065,5907.486601408,5907.486601408,19216,26902400,0.000000
3900,39.000062,5907.496598044,5907.496598044,19221,26909400,0.000000
3901,39.010071,5907.506606987,5907.506606987,19226,26916400,0.000000
3902,39.020063,5907.516598745,5907.516598745,19231,26923400,0.000000
3903,39.030066,5907.526602311,5907.526602311,19236,26930400,0.000000
3904,39.040071,5907.536607190,5907.536607190,19241,26937400,0.000000
3905,39.050054,5907.546589741,5907.546589741,19246,26944400,0.000000
3906,39.060078,5907.556614555,5907.556614555,19251,26951400,0.000000
3907,39.070071,5907.566606927,5907.566606927,19255,26957000,0.000000
3908,39.080072,5907.576608287,5907.576608287,19260,26964000,0.000000
3909,39.090071,5907.586606745,5907.586606745,19265,26971000,0.000000
3910,39.100074,5907.596609702,5907.596609702,19270,26978000,0.000000
3911,39.110068,5907.606604514,5907.606604514,19275,26985000,0.000000
3912,39.120084,5907.616619619,5907.616619619,19280,26992000,0.000000
3913,39.130072,5907.626607947,5907.626607947,19285,26999000,0.000000
3914,39.140066,5907.636602136,5907.636602136,19290,27006000,0.000000
3915,39.150068,5907.646603673,5907.646603673,19295,27013000,0.000000
3916,39.160064,5907.656599793,5907.656599793,19300,27020000,0.000000
3917,39.170063,5907.666599388,5907.666599388,19305,27027000,0.000000
3918,39.180065,5907.676601239,5907.676601239,19310,27034000,0.000000
3919,39.190057,5907.686593537,5907.686593537,19315,27041000,0.000000
3920,39.200086,5907.696622324,5907.696622324,19320,27048000,0.000000
3921,39.210067,5907.706603015,5907.706603015,19324,27053600,0.000000
3922,39.220074,5907.716609817,5907.716609817,19329,27060600,0.000000
3923,39.230070,5907.726605821,5907.726605821,19334,27067600,0.000000
3924,39.240068,5907.736604398,5907.736604398,19339,27074600,0.000000
3925,39.250070,5907.746605945,5907.746605945,19344,27081600,0.000000
3926,39.260071,5907.756606675,5907.756606675,19349,27088600,0.000000
3927,39.270066,5907.766601725,5907.766601725,19354,27095600,0.000000
3928,39.280071,5907.776606663,5907.776606663,19359,27102600,0.000000
3929,39.290068,5907.786604220,5907.786604220,19364,27109600,0.000000
3930,39.300065,5907.796600858,5907.796600858,19369,27116600,0.000000
3931,39.310063,5907.806599557,5907.806599557,19374,27123600,0.000000
3932,39.320061,5907.816597563,5907.816597563,19379,27130600,0.000000
3933,39.330047,5907.826583245,5907.826583245,19384,27137600,0.000000
3934,39.340083,5907.836619590,5907.836619590,19389,27144600,0.000000
3935,39.350073,5907.846609421,5907.846609421,19393,27150200,0.000000
3936,39.360078,5907.856614151,5907.856614151,19398,27157200,0.000000
3937,39.370076,5907.866611830,5907.866611830,19403,27164200,0.000000
3938,39.380075,5907.876610937,5907.876610937,19408,27171200,0.000000
3939,39.390064,5907.886600185,5907.886600185,19413,27178200,0.000000
3940,39.400070,5907.896605851,5907.896605851,19418,27185200,0.000000
3941,39.410068,5907.906603823,5907.906603823,19423,27192200,0.000000
3942,39.420083,5907.916618690,5907.916618690,19428,27199200,0.000000
3943,39.430073,5907.926609565,5907.926609565,19433,27206200,0.000000
3944,39.440064,5907.936600392,5907.936600392,19438,27213200,0.000000
3945,39.450063,5907.946599178,5907.946599178,19443,27220200,0.000000
3946,39.460064,5907.956600536,5907.956600536,19448,27227200,0.000000
3947,39.470034,5907.966570164,5907.966570164,19453,27234200,0.000000
3948,39.480088,5907.976623931,5907.976623931,19458,27241200,0.000000
3949,39.490019,5907.986554955,5907.986554955,19462,27246800,0.000000
3950,39.500069,5907.996605258,5907.996605258,19467,27253800,0.000000
3951,39.510074,5908.006610336,5908.006610336,19472,27260800,0.000000
3952,39.520067,5908.016602832,5908.016602832,19477,27267800,0.000000
3953,39.530069,5908.026605464,5908.026605464,19482,27274800,0.000000
3954,39.540067,5908.036602682,5908.036602682,19487,27281800,0.000000
3955,39.550067,5908.046602892,5908.046602892,19492,27288800,0.000000
3956,39.560069,5908.056605033,5908.056605033,19497,27295800,0.000000
3957,39.570068,5908.066604055,5908.066604055,19502,27302800,0.000000
3958,39.580062,5908.076598541,5908.076598541,19507,27309800,0.000000
3959,39.590064,5908.086600451,5908.086600451,19512,27316800,0.000000
3960,39.600064,5908.096599757,5908.096599757,19517,27323800,0.000000
3961,39.610068,5908.106604467,5908.106604467,19522,27330800,0.000000
3962,39.620079,5908.116615092,5908.116615092,19527,27337800,0.000000
3963,39.630068,5908.126603880,5908.126603880,19531,27343400,0.000000
3964,39.640076,5908.136612015,5908.136612015,19536,27350400,0.000000
3965,39.650063,5908.146598906,5908.146598906,19541,27357400,0.000000
3966,39.660065,5908.156600787,5908.156600787,19546,27364400,0.000000
3967,39.670068,5908.166604560,5908.166604560,19551,27371400,0.000000
3968,39.680066,5908.176602136,5908.176602136,19556,27378400,0.000000
3969,39.690064,5908.186600519,5908.186600519,19561,27385400,0.000000
3970,39.700070,5908.196606260,5908.196606260,19566,27392400,0.000000
3971,39.710070,5908.206605694,5908.206605694,19571,27399400,0.000000
3972,39.720063,5908.216598970,5908.216598970,19576,27406400,0.000000
3973,39.730063,5908.226599015,5908.226599015,19581,27413400,0.000000
3974,39.740064,5908.236600358,5908.236600358,19586,27420400,0.000000
3975,39.750051,5908.246587050,5908.246587050,19591,27427400,0.000000
3976,39.760079,5908.256614811,5908.256614811,19596,27434400,0.000000
3977,39.770072,5908.266607802,5908.266607802,19600,27440000,0.000000
3978,39.780069,5908.276604961,5908.276604961,19605,27447000,0.000000
3979,39.790072,5908.286608544,5908.286608544,19610,27454000,0.000000
3980,39.800066,5908.296602405,5908.296602405,19615,27461000,0.000000
3981,39.810069,5908.306604651,5908.306604651,19620,27468000,0.000000
3982,39.820095,5908.316630860,5908.316630860,19625,27475000,0.000000
3983,39.830068,5908.326603643,5908.326603643,19630,27482000,0.000000
3984,39.840069,5908.336605600,5908.336605600,19635,27489000,0.000000
3985,39.850068,5908.346604017,5908.346604017,19640,27496000,0.000000
3986,39.860063,5908.356598857,5908.356598857,19645,27503000,0.000000
3987,39.870064,5908.366600584,5908.366600584,19650,27510000,0.000000
3988,39.880074,5908.376610533,5908.376610533,19655,27517000,0.000000
3989,39.890058,5908.386593949,5908.386593949,19660,27524000,0.000000
3990,39.900085,5908.396621197,5908.396621197,19665,27531000,0.000000
3991,39.910078,5908.406613902,5908.406613902,19669,27536600,0.000000
3992,39.920085,5908.416621335,5908.416621335,19674,27543600,0.000000
3993,39.930062,5908.426598568,5908.426598568,19679,27550600,0.000000
3994,39.940094,5908.436630534,5908.436630534,19684,27557600,0.000000
3995,39.950068,5908.446604396,5908.446604396,19689,27564600,0.000000
3996,39.960074,5908.456610080,5908.456610080,19694,27571600,0.000000
3997,39.970067,5908.466602842,5908.466602842,19699,27578600,0.000000
3998,39.980065,5908.476600658,5908.476600658,19704,27585600,0.000000
3999,39.990063,5908.486599023,5908.486599023,19709,27592600,0.000000
4000,40.000063,5908.496598994,5908.496598994,19714,27599600,0.000000
4001,40.010063,5908.506598853,5908.506598853,19719,27606600,0.000000
4002,40.020065,5908.516601037,5908.516601037,19724,27613600,0.000000
4003,40.030039,5908.526574815,5908.526574815,19729,27620600,0.000000
4004,40.040081,5908.536617593,5908.536617593,19734,27627600,0.000000
4005,40.050069,5908.546604658,5908.546604658,19738,27633200,0.000000
4006,40.060065,5908.556601595,5908.556601595,19743,27640200,0.000000
4007,40.070029,5908.566564888,5908.566564888,19748,27647200,0.000000
4008,40.080059,5908.576595463,5908.576595463,19753,27654200,0.000000
4009,40.090065,5908.586600763,5908.586600763,19758,27661200,0.000000
4010,40.100058,5908.596593701,5908.596593701,19763,27668200,0.000000
4011,40.110066,5908.606601929,5908.606601929,19768,27675200,0.000000
4012,40.120064,5908.616600389,5908.616600389,19773,27682200,0.000000
4013,40.130028,5908.626564290,5908.626564290,19778,27689200,0.000000
4014,40.140063,5908.636598650,5908.636598650,19783,27696200,0.000000
4015,40.150065,5908.646601053,5908.646601053,19788,27703200,0.000000
4016,40.160062,5908.656598124,5908.656598124,19793,27710200,0.000000
4017,40.170044,5908.666580196,5908.666580196,19798,27717200,0.000000
4018,40.180081,5908.676617406,5908.676617406,19803,27724200,0.000000
4019,40.190061,5908.686596857,5908.686596857,19807,27729800,0.000000
4020,40.200040,5908.696576580,5908.696576580,19812,27736800,0.000000
4021,40.210032,5908.706568546,5908.706568546,19817,27743800,0.000000
4022,40.220065,5908.716600799,5908.716600799,19822,27750800,0.000000
4023,40.230065,5908.726601458,5908.726601458,19827,27757800,0.000000
4024,40.240070,5908.736606547,5908.736606547,19832,27764800,0.000000
4025,40.250069,5908.746605547,5908.746605547,19837,27771800,0.000000
4026,40.260065,5908.756601203,5908.756601203,19842,27778800,0.000000
4027,40.270026,5908.766562508,5908.766562508,19847,27785800,0.000000
4028,40.280062,5908.776598073,5908.776598073,19852,27792800,0.000000
4029,40.290063,5908.786599400,5908.786599400,19857,27799800,0.000000
4030,40.300063,5908.796598659,5908.796598659,19862,27806800,0.000000
4031,40.310058,5908.806594234,5908.806594234,19867,27813800,0.000000
4032,40.320067,5908.816603212,5908.816603212,19872,27820800,0.000000
4033,40.330065,5908.826600665,5908.826600665,19876,27826400,0.000000
4034,40.340046,5908.836582091,5908.836582091,19881,27833400,0.000000
4035,40.350065,5908.846600891,5908.846600891,19886,27840400,0.000000
4036,40.360065,5908.856601539,5908.856601539,19891,27847400,0.000000
4037,40.370066,5908.866602195,5908.866602195,19896,27854400,0.000000
4038,40.380069,5908.876604986,5908.876604986,19901,27861400,0.000000
4039,40.390063,5908.886599134,5908.886599134,19906,27868400,0.000000
4040,40.400059,5908.896595549,5908.896595549,19911,27875400,0.000000
4041,40.410054,5908.906589774,5908.906589774,19916,27882400,0.000000
4042,40.420062,5908.916598022,5908.916598022,19921,27889400,0.000000
4043,40.430065,5908.926600671,5908.926600671,19926,27896400,0.000000
4044,40.440062,5908.936597901,5908.936597901,19931,27903400,0.000000
4045,40.450053,5908.946588802,5908.946588802,19936,27910400,0.000000
4046,40.460074,5908.956610441,5908.956610441,19941,27917400,0.000000
4047,40.470064,5908.966600424,5908.966600424,19945,27923000,0.000000
4048,40.480019,5908.976555246,5908.976555246,19950,27930000,0.000000
4049,40.490067,5908.986602887,5908.986602887,19955,27937000,0.000000
4050,40.500069,5908.996604955,5908.996604955,19960,27944000,0.000000
4051,40.510066,5909.006601790,5909.006601790,19965,27951000,0.000000
4052,40.520068,5909.016604608,5909.016604608,19970,27958000,0.000000
4053,40.530068,5909.026603738,5909.026603738,19975,27965000,0.000000
4054,40.540067,5909.036602761,5909.036602761,19980,27972000,0.000000
4055,40.550035,5909.046571523,5909.046571523,19985,27979000,0.000000
4056,40.560063,5909.056599144,5909.056599144,19990,27986000,0.000000
4057,40.570062,5909.066598522,5909.066598522,19995,27993000,0.000000
4058,40.580064,5909.076599826,5909.076599826,20000,28000000,0.000000
4059,40.590008,5909.086544193,5909.086544193,20005,28007000,0.000000
4060,40.600078,5909.096614086,5909.096614086,20010,28014000,0.000000
4061,40.610065,5909.106601321,5909.106601321,20014,28019600,0.000000
4062,40.620066,5909.116602034,5909.116602034,20019,28026600,0.000000
4063,40.630069,5909.126605056,5909.126605056,20024,28033600,0.000000
4064,40.640064,5909.136600540,5909.136600540,20029,28040600,0.000000
4065,40.650068,5909.146603940,5909.146603940,20034,28047600,0.000000
4066,40.660070,5909.156605813,5909.156605813,20039,28054600,0.000000
4067,40.670071,5909.166607227,5909.166607227,20044,28061600,0.000000
4068,40.680064,5909.176599915,5909.176599915,20049,28068600,0.000000
4069,40.690028,5909.186563993,5909.186563993,20054,28075600,0.000000
4070,40.700064,5909.196600576,5909.196600576,20059,28082600,0.000000
4071,40.710065,5909.206601194,5909.206601194,20064,28089600,0.000000
4072,40.720059,5909.216594978,5909.216594978,20069,28096600,0.000000
4073,40.730041,5909.226577045,5909.226577045,20074,28103600,0.000000
4074,40.740083,5909.236618883,5909.236618883,20079,28110600,0.000000
4075,40.750069,5909.246605133,5909.246605133,20083,28116200,0.000000
4076,40.760092,5909.256628419,5909.256628419,20088,28123200,0.000000
4077,40.770087,5909.266623073,5909.266623073,20093,28130200,0.000000
4078,40.780072,5909.276607692,5909.276607692,20098,28137200,0.000000
4079,40.790020,5909.286556179,5909.286556179,20103,28144200,0.000000
4080,40.800030,5909.296566566,5909.296566566,20108,28151200,0.000000
4081,40.810072,5909.306608336,5909.306608336,20113,28158200,0.000000
4082,40.820068,5909.316604471,5909.316604471,20118,28165200,0.000000
4083,40.830028,5909.326563801,5909.326563801,20123,28172200,0.000000
4084,40.840059,5909.336595117,5909.336595117,20128,28179200,0.000000
4085,40.850059,5909.346595069,5909.346595069,20133,28186200,0.000000
4086,40.860051,5909.356587131,5909.356587131,20138,28193200,0.000000
4087,40.870051,5909.366587033,5909.366587033,20143,28200200,0.000000
4088,40.880082,5909.376618261,5909.376618261,20148,28207200,0.000000
4089,40.890066,5909.386602307,5909.386602307,20152,28212800,0.000000
4090,40.900040,5909.396575788,5909.396575788,20157,28219800,0.000000
4091,40.910063,5909.406598765,5909.406598765,20162,28226800,0.000000
4092,40.920068,5909.416603825,5909.416603825,20167,28233800,0.000000
4093,40.930069,5909.426605338,5909.426605338,20172,28240800,0.000000
4094,40.940064,5909.436599771,5909.436599771,20177,28247800,0.000000
4095,40.950067,5909.446603312,5909.446603312,20182,28254800,0.000000
4096,40.960069,5909.456604737,5909.456604737,20187,28261800,0.000000
4097,40.970066,5909.466602010,5909.466602010,20192,28268800,0.000000
4098,40.980064,5909.476600460,5909.476600460,20197,28275800,0.000000
4099,40.990062,5909.486598491,5909.486598491,20202,28282800,0.000000
4100,41.000063,5909.496598811,5909.496598811,20207,28289800,0.000000
4101,41.010043,5909.506579399,5909.506579399,20212,28296800,0.000000
4102,41.020097,5909.516633139,5909.516633139,20217,28303800,0.000000
4103,41.030066,5909.526601921,5909.526601921,20221,28309400,0.000000
4104,41.040063,5909.536598697,5909.536598697,20226,28316400,0.000000
4105,41.050061,5909.546597533,5909.546597533,20231,28323400,0.000000
4106,41.060066,5909.556601970,5909.556601970,20236,28330400,0.000000
4107,41.070061,5909.566596740,5909.566596740,20241,28337400,0.000000
4108,41.080060,5909.576595900,5909.576595900,20246,28344400,0.000000
4109,41.090067,5909.586603139,5909.586603139,20251,28351400,0.000000
4110,41.100065,5909.596600782,5909.596600782,20256,28358400,0.000000
4111,41.110061,5909.606597411,5909.606597411,20261,28365400,0.000000
4112,41.120069,5909.616604914,5909.616604914,20266,28372400,0.000000
4113,41.130069,5909.626605114,5909.626605114,20271,28379400,0.000000
4114,41.140068,5909.636604209,5909.636604209,20276,28386400,0.000000
4115,41.150013,5909.646549213,5909.646549213,20281,28393400,0.000000
4116,41.160077,5909.656612798,5909.656612798,20286,28400400,0.000000
4117,41.170074,5909.666610143,5909.666610143,20290,28406000,0.000000
4118,41.180064,5909.676600285,5909.676600285,20295,28413000,0.000000
4119,41.190065,5909.686600684,5909.686600684,20300,28420000,0.000000
4120,41.200071,5909.696606752,5909.696606752,20305,28427000,0.000000
4121,41.210067,5909.706603431,5909.706603431,20310,28434000,0.000000
4122,41.220072,5909.716608432,5909.716608432,20315,28441000,0.000000
4123,41.230073,5909.726609014,5909.726609014,20320,28448000,0.000000
4124,41.240072,5909.736607719,5909.736607719,20325,28455000,0.000000
4125,41.250067,5909.746603608,5909.746603608,20330,28462000,0.000000
4126,41.260063,5909.756598820,5909.756598820,20335,28469000,0.000000
4127,41.270062,5909.766598588,5909.766598588,20340,28476000,0.000000
4128,41.280064,5909.776600578,5909.776600578,20345,28483000,0.000000
4129,41.290043,5909.786578893,5909.786578893,20350,28490000,0.000000
4130,41.300075,5909.796610935,5909.796610935,20355,28497000,0.000000
4131,41.310066,5909.806601638,5909.806601638,20359,28502600,0.000000
4132,41.320070,5909.816606349,5909.816606349,20364,28509600,0.000000
4133,41.330075,5909.826611539,5909.826611539,20369,28516600,0.000000
4134,41.340070,5909.836606570,5909.836606570,20374,28523600,0.000000
4135,41.350064,5909.846600241,5909.846600241,20379,28530600,0.000000
4136,41.360067,5909.856602822,5909.856602822,20384,28537600,0.000000
4137,41.370072,5909.866608290,5909.866608290,20389,28544600,0.000000
4138,41.380069,5909.876605462,5909.876605462,20394,28551600,0.000000
4139,41.390059,5909.886595388,5909.886595388,20399,28558600,0.000000
4140,41.400063,5909.896599079,5909.896599079,20404,28565600,0.000000
4141,41.410068,5909.906604395,5909.906604395,20409,28572600,0.000000
4142,41.420081,5909.916616897,5909.916616897,20414,28579600,0.000000
4143,41.430055,5909.926590788,5909.926590788,20419,28586600,0.000000
4144,41.440076,5909.936612497,5909.936612497,20424,28593600,0.000000
4145,41.450064,5909.946600321,5909.946600321,20428,28599200,0.000000
4146,41.460069,5909.956604774,5909.956604774,20433,28606200,0.000000
4147,41.470069,5909.966605055,5909.966605055,20438,28613200,0.000000
4148,41.480069,5909.976605533,5909.976605533,20443,28620200,0.000000
4149,41.490066,5909.986601792,5909.986601792,20448,28627200,0.000000
4150,41.500064,5909.996600120,5909.996600120,20453,28634200,0.000000
4151,41.510070,5910.006606529,5910.006606529,20458,28641200,0.000000
4152,41.520046,5910.016581672,5910.016581672,20463,28648200,0.000000
4153,41.530060,5910.026596179,5910.026596179,20468,28655200,0.000000
4154,41.540083,5910.036619348,5910.036619348,20473,28662200,0.000000
4155,41.550064,5910.046600149,5910.046600149,20478,28669200,0.000000
4156,41.560070,5910.056605792,5910.056605792,20483,28676200,0.000000
4157,41.570046,5910.066582160,5910.066582160,20488,28683200,0.000000
4158,41.580073,5910.076609125,5910.076609125,20493,28690200,0.000000
4159,41.590067,5910.086603307,5910.086603307,20497,28695800,0.000000
4160,41.600054,5910.096590111,5910.096590111,20502,28702800,0.000000
4161,41.610075,5910.106610685,5910.106610685,20507,28709800,0.000000
4162,41.620077,5910.116612840,5910.116612840,20512,28716800,0.000000
4163,41.630063,5910.126598669,5910.126598669,20517,28723800,0.000000
4164,41.640012,5910.136548509,5910.136548509,20522,28730800,0.000000
4165,41.650078,5910.146614129,5910.146614129,20527,28737800,0.000000
4166,41.660065,5910.156601202,5910.156601202,20532,28744800,0.000000
4167,41.670059,5910.166595581,5910.166595581,20537,28751800,0.000000
4168,41.680065,5910.176601260,5910.176601260,20542,28758800,0.000000
4169,41.690067,5910.186603592,5910.186603592,20547,28765800,0.000000
4170,41.700060,5910.196596491,5910.196596491,20552,28772800,0.000000
4171,41.710061,5910.206597532,5910.206597532,20557,28779800,0.000000
4172,41.720078,5910.216613942,5910.216613942,20562,28786800,0.000000
4173,41.730064,5910.226600150,5910.226600150,20566,28792400,0.000000
4174,41.740060,5910.236595705,5910.236595705,20571,28799400,0.000000
4175,41.750064,5910.246600064,5910.246600064,20576,28806400,0.000000
4176,41.760066,5910.256602574,5910.256602574,20581,28813400,0.000000
4177,41.770072,5910.266608329,5910.266608329,20586,28820400,0.000000
4178,41.780068,5910.276603644,5910.276603644,20591,28827400,0.000000
4179,41.790064,5910.286600323,5910.286600323,20596,28834400,0.000000
4180,41.800066,5910.296602112,5910.296602112,20601,28841400,0.000000
4181,41.810070,5910.306605869,5910.306605869,20606,28848400,0.000000
4182,41.820059,5910.316594704,5910.316594704,20611,28855400,0.000000
4183,41.830072,5910.326608134,5910.326608134,20616,28862400,0.000000
4184,41.840059,5910.336595519,5910.336595519,20621,28869400,0.000000
4185,41.850044,5910.346580552,5910.346580552,20626,28876400,0.000000
4186,41.860078,5910.356613984,5910.356613984,20631,28883400,0.000000
4187,41.870068,5910.366603878,5910.366603878,20635,28889000,0.000000
4188,41.880069,5910.376605557,5910.376605557,20640,28896000,0.000000
4189,41.890066,5910.386601622,5910.386601622,20645,28903000,0.000000
4190,41.900063,5910.396599516,5910.396599516,20650,28910000,0.000000
4191,41.910065,5910.406601281,5910.406601281,20655,28917000,0.000000
4192,41.920063,5910.416599233,5910.416599233,20660,28924000,0.000000
4193,41.930064,5910.426599847,5910.426599847,20665,28931000,0.000000
4194,41.940066,5910.436602584,5910.436602584,20670,28938000,0.000000
4195,41.950065,5910.446600907,5910.446600907,20675,28945000,0.000000
4196,41.960066,5910.456602229,5910.456602229,20680,28952000,0.000000
4197,41.970065,5910.466601512,5910.466601512,20685,28959000,0.000000
4198,41.980063,5910.476598920,5910.476598920,20690,28966000,0.000000
4199,41.990044,5910.486580453,5910.486580453,20695,28973000,0.000000
